Zenith(Degree),GaindB(50MHz),GaindB(100MHz),GaindB(150MHz),GaindB(200MHz),GaindB(250MHz),GaindB(300MHz),GaindB(350MHz),GaindB(400MHz),GaindB(450MHz),GaindB(500MHz),GaindB(550MHz),GaindB(600MHz),GaindB(650MHz),GaindB(700MHz),GaindB(750MHz),GaindB(800MHz),GaindB(850MHz),GaindB(900MHz),GaindB(950MHz),GaindB(1000MHz)
0.0,-15.76283,-0.58158,1.64538,0.52147,-0.65623,-2.52227,-3.3171,-37.31838,-10.36561,-6.24933,-3.83315,-1.39907,-2.3033,-1.98595,-3.82607,-7.37558,-10.35109,-12.36201,-9.24459,-7.52848
1.0,-15.76353,-0.50518,1.65878,0.55947,-0.59393,-2.44137,-3.2457,-30.56568,-10.25321,-6.02393,-4.30675,-1.28357,-2.3555,-1.60325,-3.45797,-7.60828,-11.15889,-14.33131,-9.00819,-9.24048
2.0,-15.90473,-0.54848,1.60898,0.48577,-0.47463,-2.28507,-3.1292,-28.88708,-10.85831,-5.87353,-4.26975,-1.33267,-2.0914,-1.49255,-3.76957,-7.56668,-12.04169,-13.35451,-9.06969,-7.03518
3.0,-16.21813,-0.52668,1.62948,0.50867,-0.46213,-2.14797,-3.0381,-30.24228,-10.76941,-5.99243,-4.30595,-1.49407,-2.4732,-1.40215,-3.32767,-7.30978,-10.85119,-15.59461,-9.28959,-7.76238
4.0,-15.92013,-0.59008,1.57678,0.45637,-0.55063,-2.11167,-3.1037,-27.65568,-11.13771,-6.11713,-4.63245,-1.66227,-2.2239,-1.66675,-3.40537,-7.53738,-11.03179,-12.50991,-9.44229,-7.53868
5.0,-15.88223,-0.53198,1.57148,0.43917,-0.45023,-1.96107,-3.0776,-25.52048,-11.19341,-6.13193,-4.58585,-1.42137,-2.1775,-1.60105,-3.63857,-7.46908,-11.42569,-11.83791,-9.69519,-7.11698
6.0,-15.90193,-0.49938,1.55598,0.37557,-0.44673,-1.82977,-3.444,-23.12998,-11.37671,-6.18943,-4.97325,-2.13027,-2.5665,-1.66685,-3.34787,-7.80978,-9.50969,-10.96091,-10.30379,-9.01528
7.0,-15.73843,-0.52688,1.56938,0.34387,-0.46863,-1.70077,-3.4309,-20.95218,-10.89891,-6.78793,-5.64855,-2.35997,-2.7835,-1.80815,-3.81357,-7.09158,-9.52749,-9.06441,-10.57309,-8.34998
8.0,-16.63283,-0.55528,1.48598,0.34147,-0.52383,-1.72347,-3.6175,-19.07768,-11.66331,-6.32503,-5.78985,-2.97077,-3.1432,-1.92135,-3.85027,-7.14438,-8.97079,-8.66801,-10.69599,-8.63038
9.0,-16.22643,-0.50378,1.51818,0.26177,-0.41173,-1.76437,-3.8041,-17.00628,-11.28091,-6.55073,-6.38775,-3.96567,-3.6864,-2.61385,-4.25077,-7.27508,-8.52529,-7.79541,-9.35589,-9.90808
10.0,-16.06463,-0.59308,1.44928,0.21247,-0.60533,-1.63957,-4.1046,-15.77978,-11.17801,-6.94933,-6.78675,-4.66067,-3.9545,-3.25385,-4.52867,-7.00908,-7.02969,-6.01501,-8.68449,-10.33518
11.0,-16.37353,-0.59588,1.44878,0.10807,-0.57703,-1.68077,-4.271,-13.79898,-10.51641,-6.64183,-7.09555,-5.55117,-4.7552,-3.87275,-4.44307,-6.50958,-5.85749,-5.78721,-7.40599,-9.82408
12.0,-16.36873,-0.61668,1.36698,-0.02653,-0.63793,-1.64627,-4.5523,-11.94798,-8.96831,-6.16533,-7.67005,-6.51697,-5.358,-4.01085,-4.83247,-6.37658,-6.20399,-4.92661,-6.86699,-9.45408
13.0,-16.29603,-0.65288,1.28658,-0.03943,-0.65713,-1.55387,-4.6712,-11.02378,-8.94031,-6.20143,-7.95805,-7.06917,-5.9168,-4.31825,-4.96077,-5.91868,-4.87229,-3.87961,-6.13929,-8.91278
14.0,-16.07373,-0.74318,1.32148,-0.13923,-0.77063,-1.54227,-5.0949,-9.90058,-7.78191,-5.67613,-8.26655,-7.90807,-6.5155,-5.24815,-5.27777,-5.22628,-4.20329,-3.18521,-6.11049,-8.16858
15.0,-16.16303,-0.76318,1.10488,-0.21433,-0.84993,-1.56147,-5.3715,-9.02218,-6.74931,-5.02903,-8.49105,-9.67967,-7.6378,-5.83125,-5.05077,-5.23028,-3.99959,-2.89671,-4.28099,-7.83738
16.0,-16.63583,-0.79198,1.09278,-0.31543,-0.95353,-1.59657,-5.804,-7.43458,-6.48471,-4.64963,-7.76435,-11.12267,-7.7849,-6.47155,-5.33207,-4.32938,-3.31119,-2.91801,-4.49439,-7.78838
17.0,-16.69353,-0.82898,1.01078,-0.42343,-1.01113,-1.70977,-5.7986,-6.71658,-5.13851,-3.92343,-7.46525,-11.58497,-9.6816,-7.05355,-5.49467,-3.87828,-3.12429,-2.08341,-4.12789,-7.84488
18.0,-16.63533,-0.88818,0.95808,-0.53643,-1.14453,-1.62917,-6.0623,-6.15548,-4.55621,-3.34763,-7.01215,-11.45607,-11.1139,-7.93505,-4.85677,-4.16238,-3.72969,-2.28661,-4.07059,-6.69998
19.0,-16.91103,-0.94078,0.84208,-0.69603,-1.21033,-1.69177,-5.9923,-4.96958,-3.97161,-2.73883,-6.31545,-11.58647,-11.512,-7.54755,-5.51097,-3.60818,-3.55689,-1.91431,-3.89689,-6.65278
20.0,-16.97133,-0.94998,0.83228,-0.76893,-1.32963,-1.77547,-6.1249,-3.98168,-3.45491,-2.40493,-6.33005,-11.01637,-13.2596,-8.66935,-5.68757,-4.49828,-4.21569,-2.38091,-4.36099,-7.08088
21.0,-16.95283,-1.02438,0.70578,-0.87373,-1.49533,-1.82227,-5.9248,-3.52648,-2.64061,-1.83393,-5.29415,-10.39547,-15.5475,-8.93475,-5.47747,-3.84468,-4.01929,-2.36001,-4.43239,-7.66978
22.0,-17.07483,-1.05838,0.58328,-1.10913,-1.56023,-1.91727,-5.7161,-2.89228,-2.13581,-1.26243,-4.90865,-8.56427,-16.2934,-9.14435,-6.04687,-4.44138,-4.82799,-2.86151,-4.96239,-8.26558
23.0,-16.76733,-1.16638,0.52668,-1.22283,-1.74943,-2.09397,-5.4066,-2.17588,-1.58981,-0.94503,-4.23825,-8.71287,-19.0723,-9.40055,-6.45637,-4.91748,-4.73299,-3.16981,-4.81849,-7.00418
24.0,-17.05883,-1.18058,0.48748,-1.36833,-1.90113,-2.03187,-5.0267,-1.77898,-1.13251,-0.60883,-3.54585,-8.03147,-18.9904,-9.73225,-7.01817,-4.95948,-6.17399,-4.02911,-5.37129,-7.36388
25.0,-17.06403,-1.27908,0.24718,-1.48513,-2.06213,-2.16997,-4.6843,-1.14678,-0.46571,-0.02183,-3.05545,-7.57027,-18.6654,-10.85775,-7.34907,-5.69278,-7.08699,-5.05921,-5.62489,-7.20568
26.0,-16.96673,-1.33008,0.10588,-1.73303,-2.30743,-2.28707,-4.3272,-0.66818,-0.32851,0.11697,-2.72765,-6.83617,-18.8743,-10.37525,-7.90827,-7.20698,-6.60549,-6.34671,-6.55359,-7.12848
27.0,-16.87463,-1.38038,0.06288,-1.84313,-2.35963,-2.36957,-3.7654,-0.35668,0.19379,0.34507,-2.38165,-6.54737,-16.0705,-10.98365,-8.15887,-6.89668,-8.91569,-7.12661,-7.04539,-7.91488
28.0,-17.28193,-1.42828,-0.10502,-2.04153,-2.46133,-2.49927,-3.4451,0.14572,0.61159,0.56367,-1.81245,-6.86197,-14.7009,-11.66575,-8.07867,-7.69478,-8.96099,-8.62921,-7.42009,-7.82798
29.0,-17.17643,-1.50538,-0.20442,-2.23663,-2.68383,-2.62067,-2.8684,0.41452,0.66409,0.69677,-1.81445,-6.10357,-14.0374,-10.50565,-8.21447,-7.77128,-10.19399,-10.33881,-7.99249,-6.77258
30.0,-17.55553,-1.58448,-0.34282,-2.33813,-2.91653,-2.64517,-2.4796,0.86042,1.11929,1.02467,-1.54195,-6.02697,-11.7166,-9.08265,-8.08807,-8.81728,-11.07779,-10.63891,-9.34789,-8.69668
31.0,-17.45163,-1.64098,-0.48952,-2.69413,-2.99973,-2.90077,-2.0602,1.09652,1.33279,1.15607,-1.16585,-5.67267,-11.0009,-8.22315,-7.48327,-7.74598,-12.08399,-14.57111,-8.46769,-8.16838
32.0,-17.30643,-1.80748,-0.56092,-2.88573,-3.34313,-2.91687,-1.5658,1.45222,1.51289,1.17147,-0.99105,-5.65467,-9.2788,-7.84975,-7.14387,-7.67198,-10.78969,-16.93931,-10.33989,-8.25838
33.0,-17.53493,-1.98058,-0.75862,-3.05283,-3.48703,-3.08837,-1.1694,1.67222,1.72809,1.42617,-1.04215,-5.50017,-7.9835,-6.64035,-6.21327,-7.34808,-11.30459,-22.61091,-12.03309,-9.76228
34.0,-16.95843,-2.09088,-0.91022,-3.22953,-3.63863,-3.31447,-0.7128,1.86722,1.95509,1.34007,-0.82485,-5.58487,-7.573,-4.84685,-5.71377,-6.43178,-11.48039,-24.69761,-11.56059,-9.15728
35.0,-18.00203,-2.08828,-0.98822,-3.43573,-3.87443,-3.36287,-0.487,2.04662,1.94609,1.13777,-0.66605,-5.12337,-6.5139,-4.69885,-4.84447,-6.02028,-9.32219,-21.43401,-12.10079,-10.58358
36.0,-17.31833,-2.26128,-1.21742,-3.61993,-4.11673,-3.62867,-0.1971,2.22682,2.02879,1.22977,-0.70195,-5.12687,-5.1332,-3.50215,-4.45227,-4.93738,-9.46589,-17.19691,-14.97709,-11.48628
37.0,-17.93923,-2.34008,-1.33232,-3.92173,-4.37733,-3.65587,0.0379,2.43282,2.19809,1.43997,-0.69695,-4.69807,-4.3048,-2.81235,-3.68837,-4.59338,-7.49379,-18.23581,-13.86519,-12.41518
38.0,-17.95283,-2.46298,-1.50882,-4.22433,-4.61463,-3.71157,0.3512,2.50842,2.15379,1.13707,-0.68125,-3.94317,-3.7269,-2.24485,-3.04197,-4.02618,-8.08679,-13.97221,-15.28799,-13.28258
39.0,-17.74393,-2.57448,-1.69532,-4.36453,-4.81123,-3.96047,0.638,2.57072,2.20759,1.14667,-0.63925,-3.77787,-3.0374,-1.23075,-2.36917,-3.43438,-6.72859,-12.39691,-12.91699,-10.14038
40.0,-17.64663,-2.76218,-1.79582,-4.59043,-4.85973,-3.99317,0.8165,2.73792,2.32519,0.96707,-0.70405,-3.00427,-2.2525,-0.63915,-2.14247,-2.83238,-6.28969,-9.10401,-12.22969,-13.06208
41.0,-18.22183,-2.80708,-2.02222,-4.75833,-5.21453,-4.29767,0.9418,2.74552,2.18799,1.00187,-0.77775,-2.60377,-1.6157,-0.30835,-1.56607,-2.28568,-5.83989,-9.07191,-11.21099,-9.96508
42.0,-17.58093,-3.06438,-2.26472,-5.04083,-5.38513,-4.32607,1.1506,2.80372,2.15279,0.79977,-1.29565,-2.15947,-1.1113,0.40155,-1.36317,-2.46828,-5.11689,-7.27991,-8.54329,-9.44788
43.0,-18.20133,-3.16958,-2.43472,-5.35053,-5.58343,-4.58647,1.2477,2.78922,2.14929,0.42747,-0.99585,-1.80097,-0.758,0.73625,-1.08117,-2.41638,-4.84909,-6.76121,-7.65229,-9.35178
44.0,-17.61653,-3.33768,-2.60112,-5.71483,-5.75043,-4.53807,1.3691,2.77592,2.07429,0.43357,-1.13295,-0.87997,-0.2003,0.94945,-0.84027,-2.13308,-4.35969,-5.72101,-7.46149,-6.61228
45.0,-17.61623,-3.44198,-2.76932,-5.94033,-5.90113,-4.82597,1.5307,2.77022,1.96879,0.23317,-1.09725,-0.85427,0.131,1.52655,-0.76027,-1.79218,-3.44089,-4.47181,-4.11959,-6.49348
46.0,-17.81973,-3.67288,-3.08482,-6.30843,-6.16443,-4.71797,1.5107,2.79262,1.78019,0.03387,-1.10265,-0.32307,0.2959,1.49525,-0.63247,-1.51958,-3.50779,-3.39271,-4.18199,-6.11538
47.0,-18.11613,-3.84058,-3.20052,-6.48543,-6.31593,-4.76397,1.6219,2.64982,1.73109,-0.00653,-1.17375,0.09503,0.6827,1.81515,-0.45227,-1.61648,-2.57739,-3.14271,-3.71719,-4.74078
48.0,-18.87683,-3.93488,-3.37632,-6.71413,-6.55393,-4.96987,1.6005,2.67952,1.54399,-0.23313,-1.32455,0.27863,0.8095,1.77735,-0.31097,-1.48538,-2.01249,-2.25361,-2.37719,-4.02878
49.0,-18.55963,-4.19278,-3.67192,-7.07493,-6.63833,-5.26877,1.6707,2.50092,1.34379,-0.60643,-1.55555,0.84903,1.1589,2.20265,-0.36537,-1.64328,-1.78509,-0.71721,-1.66109,-3.30608
50.0,-18.96963,-4.26458,-3.90862,-7.43183,-6.80933,-5.27397,1.6452,2.43122,1.09259,-0.80103,-1.61935,1.09393,1.2592,2.09835,-0.55427,-1.62458,-1.63579,-1.26571,-1.11509,-2.94398
51.0,-18.68403,-4.50398,-3.97502,-7.69963,-7.00003,-5.23947,1.5646,2.19702,1.10369,-0.90543,-1.53495,1.34213,1.5427,2.02065,-0.45487,-1.86158,-0.96359,-0.40881,-1.87049,-3.06268
52.0,-18.57123,-4.66868,-4.41052,-8.08033,-7.26813,-5.44087,1.4937,2.07232,0.56079,-1.09803,-1.86255,1.25873,1.6736,2.21885,-0.69967,-1.86948,-0.64879,-0.15981,-0.43379,-2.45228
53.0,-18.97713,-4.87988,-4.74472,-8.18593,-7.51223,-5.66327,1.5161,2.02112,0.34209,-1.36453,-1.85795,1.54173,1.4655,2.00045,-0.95707,-2.10678,-0.11669,0.16549,-0.31299,-2.94038
54.0,-18.96873,-5.13868,-4.88512,-8.73723,-7.49823,-5.82467,1.3915,1.78232,0.31859,-1.49343,-1.69485,1.58343,1.5379,1.62905,-0.69927,-1.82208,-0.32029,0.54249,-0.34999,-2.33188
55.0,-19.52373,-5.29348,-5.18442,-8.94963,-7.95153,-5.96567,1.3026,1.67332,-0.07491,-1.93733,-1.75525,1.77103,1.5407,1.78215,-1.22377,-1.78588,-0.05789,0.59689,-0.14449,-1.99358
56.0,-19.29043,-5.59718,-5.36712,-9.37313,-8.14213,-6.03997,1.2085,1.48142,-0.45811,-2.05193,-1.66785,1.57763,1.6181,1.64245,-1.33657,-1.40628,0.27171,0.93399,-0.05119,-2.40188
57.0,-19.06023,-5.74648,-5.68762,-9.85433,-8.21983,-6.21127,1.1105,1.35092,-0.78581,-2.27643,-2.26585,1.73103,1.4541,1.63125,-1.27307,-1.49498,0.54871,0.70719,0.29151,-2.16838
58.0,-19.95913,-6.11448,-6.01582,-9.81803,-8.51413,-6.27427,0.946,1.00872,-0.90561,-2.43013,-2.10325,1.90513,1.4594,1.38815,-1.67697,-1.91378,0.56851,0.95039,0.02471,-2.99418
59.0,-19.19143,-6.22398,-6.31982,-10.33163,-8.81783,-6.37387,0.7605,0.69662,-1.21181,-2.64353,-2.34015,1.78213,1.3674,1.10305,-1.93347,-1.84488,0.37001,0.81909,-0.39419,-2.86268
60.0,-19.52773,-6.50198,-6.61062,-10.59463,-9.18333,-6.51197,0.5448,0.50842,-1.66371,-2.79863,-2.51915,1.77063,1.1052,0.98205,-2.10397,-1.72648,0.50231,0.91519,0.02061,-3.50588
61.0,-19.84773,-6.87548,-6.94212,-11.10783,-9.25353,-6.73957,0.3789,0.21662,-1.87281,-2.98193,-2.37435,1.67583,0.8477,0.51065,-2.44647,-1.57228,0.58971,0.77819,-0.39059,-2.79698
62.0,-20.06643,-7.01778,-7.26292,-11.65773,-9.73693,-6.91477,0.1474,-0.18218,-2.15951,-3.16963,-2.81705,1.55523,0.9123,0.50385,-2.50027,-1.79138,0.74051,0.67779,-0.80449,-2.92938
63.0,-20.80123,-7.43378,-7.53262,-12.12393,-9.60903,-7.05517,-0.0765,-0.38988,-2.51651,-3.20263,-2.60875,1.28773,0.6282,-0.02665,-2.86417,-1.52788,0.63931,0.58979,-0.54879,-3.47858
64.0,-20.67133,-7.56298,-7.75002,-12.71433,-10.16533,-7.54257,-0.2928,-0.68968,-3.02301,-3.49373,-2.65815,1.14933,0.1692,-0.61055,-3.41517,-1.79168,0.19711,0.26219,-1.37539,-3.89538
65.0,-20.25313,-7.88848,-8.04952,-13.15803,-10.29583,-7.70407,-0.5374,-0.99698,-3.36171,-3.89973,-2.90525,0.91643,0.085,-0.45905,-3.79337,-1.74468,0.12421,0.03799,-0.82419,-4.25408
66.0,-21.46913,-8.36278,-8.67412,-13.65853,-10.86483,-7.97257,-0.8995,-1.29738,-3.65731,-4.35953,-3.20025,0.81653,-0.4406,-1.13625,-3.46427,-1.90848,-0.20189,-0.31381,-1.24139,-4.32598
67.0,-21.25703,-8.51398,-8.97112,-13.90243,-10.96643,-8.03297,-1.223,-1.64998,-4.05341,-4.16553,-3.41295,0.24003,-0.7257,-1.87895,-4.08837,-1.70748,-0.12749,-0.29461,-1.90169,-4.47728
68.0,-20.92443,-8.85038,-9.20802,-14.53053,-11.54703,-8.46537,-1.4638,-2.10038,-4.85701,-4.83313,-3.62715,0.03503,-1.1037,-1.97005,-4.00727,-2.28938,-0.44379,-0.79461,-2.41789,-5.17018
69.0,-21.65013,-9.39058,-9.62972,-14.75543,-11.66403,-8.55867,-1.9153,-2.69428,-5.28201,-5.14353,-4.00205,-0.07027,-1.2762,-1.95675,-4.65557,-2.59498,-0.18919,-0.71731,-2.69029,-4.55648
70.0,-21.81013,-9.67338,-10.33712,-15.63483,-12.21443,-9.25197,-2.3616,-2.96148,-5.74721,-5.43563,-4.35475,-0.64397,-2.089,-2.68785,-4.98897,-2.56698,-0.79659,-1.62041,-3.12369,-5.14268
71.0,-23.15183,-10.25908,-10.56332,-16.51573,-12.40773,-9.36537,-2.5997,-3.42788,-6.05001,-5.48373,-4.49265,-0.90367,-2.4283,-3.05145,-5.30597,-2.73418,-1.06129,-2.00181,-3.58509,-5.32418
72.0,-22.84063,-10.38568,-11.27942,-17.19073,-12.88413,-9.72627,-3.0081,-3.89148,-6.62041,-5.90123,-4.91955,-1.07497,-2.5646,-3.52945,-5.80757,-3.47128,-2.01869,-2.34701,-4.56089,-5.64158
73.0,-23.58233,-10.94068,-11.49502,-18.01153,-13.25963,-10.33467,-3.4993,-4.28888,-7.11181,-6.26483,-5.07565,-1.48207,-3.4443,-4.54565,-5.82757,-3.90208,-2.16199,-2.87171,-4.89089,-6.59538
74.0,-22.97663,-11.41168,-12.04972,-18.84693,-13.35133,-10.67557,-4.0672,-4.79448,-7.80021,-6.96313,-5.55735,-2.31187,-3.8691,-4.80295,-6.69907,-3.96598,-2.96679,-3.67631,-5.06959,-6.93348
75.0,-23.65273,-11.78548,-12.33022,-19.61153,-13.62453,-10.88947,-4.5716,-5.62398,-9.11561,-7.13553,-6.19375,-2.69727,-4.3056,-4.99005,-7.24037,-4.10168,-3.63809,-4.03081,-5.57349,-8.23208
76.0,-23.58563,-12.21718,-12.82042,-20.66103,-14.17483,-11.38547,-5.15,-5.95328,-9.09341,-7.79833,-6.60955,-3.23987,-5.1262,-6.52335,-7.26707,-5.07268,-4.79119,-4.49301,-6.05759,-8.87858
77.0,-24.48823,-12.89108,-13.52282,-20.85523,-15.06463,-11.95167,-5.636,-6.80468,-10.52361,-8.33613,-7.48805,-3.85407,-5.7113,-6.99085,-8.83697,-5.93488,-4.68709,-5.55211,-6.81759,-9.00048
78.0,-23.99713,-13.34568,-14.44602,-22.75893,-15.07453,-12.16477,-6.4798,-7.43248,-11.41411,-8.55503,-7.74925,-4.62807,-6.522,-7.54905,-9.19207,-5.59238,-5.55539,-6.36371,-8.40319,-9.24708
79.0,-24.64843,-13.93318,-15.22092,-24.39563,-15.49293,-12.70747,-7.275,-8.33978,-11.77691,-9.57053,-8.54915,-5.36837,-6.898,-8.45555,-9.62397,-6.89898,-6.82459,-7.35581,-8.81259,-9.77918
80.0,-24.22573,-14.63918,-16.01892,-24.77033,-16.79153,-13.66997,-7.9443,-8.93878,-12.79451,-9.93743,-9.01175,-6.26167,-7.5,-8.82705,-10.11127,-7.14478,-7.63089,-9.34001,-9.72329,-10.58578
81.0,-24.74763,-15.28548,-16.28722,-27.33693,-17.65923,-14.48387,-8.9591,-10.55528,-14.09261,-11.04513,-9.70315,-6.75927,-9.149,-10.50645,-11.40437,-8.88078,-8.56369,-9.00611,-11.02529,-11.71438
82.0,-25.35233,-15.89228,-17.52462,-29.59073,-18.28443,-14.87217,-10.1821,-11.23728,-15.67591,-12.51653,-10.46665,-7.87717,-9.5601,-12.76215,-12.65437,-9.38508,-10.09559,-10.10951,-11.02689,-13.33218
83.0,-26.23093,-16.76618,-18.56802,-30.72163,-19.01143,-15.61607,-10.9574,-12.40518,-16.71601,-13.10553,-11.36235,-9.01197,-10.9416,-13.32355,-13.92367,-10.39238,-10.55329,-12.11461,-13.09289,-12.95888
84.0,-25.72013,-16.93838,-19.15572,-31.47733,-20.51053,-16.49347,-12.2003,-13.06518,-19.86321,-13.34893,-13.13565,-11.00717,-11.2644,-14.74825,-15.21627,-10.81458,-14.39699,-13.27251,-14.12519,-16.32608
85.0,-25.85153,-17.41808,-20.64052,-32.08163,-21.60863,-17.50307,-13.5415,-14.93458,-20.45051,-14.84513,-13.99705,-12.93097,-14.5629,-18.31845,-17.95367,-14.12318,-17.83329,-16.06931,-17.81869,-16.20418
86.0,-27.79643,-18.34418,-21.68612,-31.45613,-23.74703,-18.71777,-16.6009,-17.10468,-26.33691,-16.41673,-16.29905,-14.84507,-14.5467,-20.18765,-19.04027,-15.30308,-23.13599,-16.35701,-20.33079,-22.52168
87.0,-26.74293,-19.74318,-22.62032,-30.26953,-22.93353,-20.11397,-17.2561,-18.76498,-28.97751,-17.43413,-16.24125,-17.47637,-17.2118,-20.78625,-24.50867,-18.20688,-25.14679,-20.39481,-17.79299,-19.64418
88.0,-28.48523,-19.72188,-25.26322,-25.14553,-24.52353,-21.96297,-20.2095,-26.21128,-32.97391,-20.68033,-20.49365,-21.92847,-20.1924,-23.48095,-21.87097,-21.72038,-28.96149,-22.47931,-21.36429,-19.01698
89.0,-29.11083,-20.53478,-25.93532,-24.59213,-27.01703,-22.19657,-22.713,-29.75468,-25.57561,-22.47723,-22.39925,-26.24537,-23.7376,-27.11355,-30.90737,-30.88628,-19.51229,-21.50431,-21.71339,-32.32618
90.0,-28.03423,-20.97468,-26.67782,-22.41523,-29.21233,-23.77857,-22.373,-33.92268,-24.38891,-26.23473,-24.85205,-27.18907,-34.9588,-21.69105,-28.63447,-26.66958,-16.79709,-19.58321,-23.09159,-22.56108
91.0,-28.88653,-21.18658,-26.55452,-20.89673,-34.34753,-26.14007,-21.3443,-26.52448,-21.13351,-37.55603,-23.86755,-22.00797,-33.9513,-21.89975,-27.60897,-22.30638,-15.00349,-17.55781,-17.75939,-19.03388
92.0,-28.18293,-20.60588,-24.90982,-20.58653,-31.09083,-28.39787,-19.366,-22.30488,-19.04641,-34.80083,-23.39445,-18.00627,-21.1603,-17.42005,-30.57277,-21.55518,-12.63639,-17.98251,-16.86359,-30.12748
93.0,-30.52513,-20.42758,-23.69102,-20.31733,-32.50623,-26.13617,-17.2774,-19.57588,-17.68431,-25.36933,-20.38465,-15.96447,-19.8505,-16.49485,-21.43397,-16.41478,-11.49739,-13.49561,-14.86859,-19.79538
94.0,-30.02923,-19.70878,-22.31282,-19.12103,-31.60313,-24.21967,-15.1249,-16.65578,-15.73431,-22.29143,-18.63365,-12.71897,-16.0274,-13.18295,-15.62167,-13.39268,-8.98919,-12.08261,-15.18139,-18.51898
95.0,-29.89173,-18.63918,-21.30172,-18.32733,-29.51483,-23.18437,-12.9733,-15.25088,-14.52171,-18.44253,-15.52575,-11.82447,-13.6951,-12.68115,-16.13027,-12.38648,-7.90459,-11.50581,-14.92159,-14.93428
96.0,-32.21293,-18.75948,-19.99112,-17.84273,-24.51303,-21.03517,-12.2308,-14.60838,-13.78211,-17.09503,-15.30695,-10.43197,-11.5512,-11.77465,-15.25567,-11.82028,-8.12539,-9.30151,-10.05879,-14.97458
97.0,-31.50293,-17.44748,-18.69022,-17.61433,-24.38763,-19.45157,-10.6061,-11.79468,-12.06071,-14.73283,-13.79445,-9.01707,-10.4029,-10.57935,-12.17797,-9.17458,-6.57539,-8.91101,-10.86629,-11.21998
98.0,-31.48643,-16.55598,-18.88622,-16.90423,-22.90323,-18.06677,-10.1282,-10.83958,-11.15151,-14.01763,-12.19375,-8.10117,-9.4419,-9.56415,-12.13987,-8.90058,-5.49959,-7.28971,-10.44789,-11.22858
99.0,-39.74553,-16.09118,-17.31292,-16.45303,-21.44523,-17.06897,-8.9565,-9.90978,-10.40201,-12.19523,-10.97595,-7.05077,-8.7466,-8.31815,-10.90717,-7.23318,-5.02149,-6.98801,-9.08949,-10.16518
100.0,-33.86433,-15.47158,-16.42262,-15.42113,-20.34173,-15.77637,-8.1619,-9.16348,-9.53891,-11.48593,-9.74545,-6.41427,-7.7452,-7.84905,-9.26617,-6.50448,-4.34199,-7.05841,-8.43389,-9.53398
101.0,-35.71453,-15.08578,-15.88292,-15.23573,-18.25583,-15.69527,-7.173,-8.59608,-8.91331,-11.20923,-9.17195,-5.19307,-6.6828,-7.11555,-9.14747,-6.11428,-3.47429,-5.06961,-7.15149,-9.86878
102.0,-35.56493,-14.23958,-15.08042,-14.40353,-18.10393,-14.12827,-6.3317,-7.74518,-8.17941,-10.33683,-8.31865,-4.82997,-6.2255,-6.29175,-8.41557,-5.46548,-3.30209,-4.16981,-6.91259,-9.82938
103.0,-37.11943,-13.77228,-14.75322,-13.82233,-18.05713,-13.46387,-5.8176,-7.10178,-7.80131,-8.78293,-7.54285,-3.79627,-5.2745,-5.91565,-7.67997,-5.35878,-2.65519,-3.97501,-5.78099,-8.32648
104.0,-36.66583,-13.32798,-13.89802,-13.32823,-16.80373,-12.71967,-5.3947,-6.34358,-7.16821,-7.74593,-6.98745,-3.62587,-4.9501,-5.24165,-6.95157,-4.53138,-1.77559,-3.63171,-5.84979,-7.76418
105.0,-35.99963,-12.72418,-13.26532,-12.98463,-16.09583,-12.60277,-4.7299,-6.00208,-6.52341,-8.25673,-6.24395,-2.85927,-4.1937,-4.20005,-6.36227,-4.10738,-1.64079,-3.13861,-4.94209,-8.33148
106.0,-35.48383,-12.15958,-13.00412,-12.37073,-15.39813,-11.68597,-4.3765,-5.02028,-6.11041,-7.53703,-5.95975,-2.33747,-3.9633,-4.04985,-6.13077,-3.31228,-1.03509,-2.81521,-4.48809,-7.58768
107.0,-32.95613,-11.71588,-12.31022,-12.40543,-14.33263,-11.54487,-3.6881,-4.64278,-5.74531,-6.84843,-5.64325,-1.95037,-2.858,-3.60155,-5.06417,-2.80588,-0.90829,-2.47681,-4.17499,-8.11108
108.0,-35.42463,-11.39578,-11.88072,-11.62053,-14.42293,-10.70317,-3.2472,-4.15628,-5.17841,-6.57123,-5.13045,-1.64507,-2.6652,-2.90135,-5.03237,-2.55248,-0.31309,-1.45391,-3.08449,-7.34718
109.0,-35.31923,-11.16178,-11.09192,-10.97613,-13.80793,-10.61877,-2.9049,-3.70148,-4.41921,-5.83883,-4.54265,-1.33817,-2.2939,-2.91585,-4.48037,-2.10318,-0.04409,-1.60551,-2.91889,-6.93588
110.0,-36.82353,-10.67768,-10.84612,-10.87203,-13.27043,-9.85107,-2.5125,-3.27858,-4.41271,-5.16143,-4.31885,-0.83957,-1.5606,-2.54065,-4.04967,-2.15228,0.27651,-1.27861,-2.93339,-5.12818
111.0,-30.76893,-10.12468,-10.57352,-10.23123,-12.31843,-9.51187,-2.2068,-2.77728,-3.93651,-5.07813,-4.06085,-0.75427,-1.4496,-1.83995,-4.25387,-1.92798,0.21371,-0.63251,-2.67239,-5.96278
112.0,-30.28933,-9.83758,-10.07152,-10.06433,-12.16423,-9.16647,-1.7475,-2.50078,-3.41461,-4.66433,-3.58335,-0.36937,-0.8412,-1.61925,-3.80757,-1.33348,0.37081,-0.70611,-2.16409,-5.74708
113.0,-33.41993,-9.35368,-9.29882,-10.22653,-11.73773,-7.93657,-1.4616,-2.16748,-3.16661,-4.56473,-3.32945,-0.09987,-0.6427,-1.34235,-2.83657,-1.69748,0.66121,-0.33661,-1.98039,-4.84378
114.0,-29.86483,-9.05838,-9.21082,-9.76543,-11.31753,-7.81217,-1.4368,-1.78798,-2.86841,-4.02163,-3.13475,0.04323,-0.0793,-0.93835,-3.08457,-1.21078,1.02651,-0.11231,-2.04719,-4.21748
115.0,-30.31983,-8.74548,-8.74862,-9.57533,-11.03013,-7.23247,-1.1024,-1.29418,-2.39751,-3.73973,-2.95985,0.30773,0.1077,-0.78095,-2.80667,-1.15028,0.87631,0.37729,-1.47519,-4.49798
116.0,-30.30593,-8.52748,-8.42702,-9.71893,-10.28773,-6.62257,-0.8445,-1.23228,-2.17301,-3.71573,-2.87315,0.51023,0.494,-0.22475,-2.27167,-1.07278,1.02731,0.29309,-0.95119,-3.79278
117.0,-29.78743,-8.32148,-8.07242,-9.23943,-9.69473,-6.35327,-0.5307,-0.82618,-1.85601,-3.56413,-2.66185,0.71353,0.5486,-0.15665,-2.27017,-0.78988,0.99591,0.57219,-1.01709,-3.81308
118.0,-28.04643,-7.97698,-7.95792,-9.02483,-7.38453,-8.31577,-0.4438,-0.62188,-1.33421,-3.24293,-2.49685,0.75913,0.8174,-0.16305,-2.04137,-0.82668,0.83481,-0.03571,-0.67239,-3.86478
119.0,-27.99743,-7.68108,-7.55152,-9.21853,-7.40903,-7.84977,-0.2796,-0.31198,-1.15481,-2.85823,-2.26825,0.93663,1.0252,0.15545,-1.58477,-0.71198,0.76161,0.46649,-0.59239,-3.02968
120.0,-28.17603,-7.37148,-7.12592,-8.92103,-7.17433,-7.40067,0.0212,0.05992,-0.88451,-2.76723,-2.18785,0.87073,1.3366,0.84825,-1.47637,-0.59098,0.86361,0.32419,-0.80469,-2.96798
121.0,-26.34363,-7.17798,-7.17462,-8.77063,-6.82533,-7.18417,0.0609,0.21702,-0.48051,-2.33113,-2.02215,0.85563,1.3788,0.96755,-1.13297,-0.66388,0.57031,0.21149,-0.95969,-3.53718
122.0,-26.98153,-6.89618,-6.52612,-8.32893,-6.65853,-6.76267,0.2467,0.70992,-0.32931,-1.99263,-1.99565,1.16013,1.5389,1.19365,-1.26857,-0.53598,0.63461,0.25349,-0.70919,-3.11428
123.0,-27.55333,-6.61618,-6.51022,-8.25833,-6.31063,-6.88967,0.3926,0.72762,0.04799,-1.89883,-1.81415,1.01623,1.6796,1.24085,-1.11757,-0.88278,-0.20859,0.32599,-0.64859,-3.28038
124.0,-25.13703,-6.45058,-6.10812,-7.95503,-5.87723,-6.56637,0.4612,0.92962,0.06149,-1.72033,-1.60925,0.96203,1.5985,1.48415,-1.18057,-0.51898,0.05541,-0.26251,-0.70309,-3.25528
125.0,-26.17013,-6.19648,-5.80732,-7.79863,-5.63143,-6.26197,0.6396,1.20222,0.09789,-1.43553,-1.56335,0.93183,1.681,1.39855,-1.17677,-0.75608,-0.34749,-0.06521,-1.27079,-2.66498
126.0,-25.37033,-6.00788,-5.70382,-7.60693,-5.44993,-6.18297,0.676,1.47152,0.49119,-1.29353,-1.74875,0.77023,1.8844,1.74415,-0.86047,-0.26138,-0.77369,-0.74061,-1.19629,-3.35288
127.0,-25.11903,-5.83678,-5.43022,-7.52273,-5.19823,-5.80557,0.7663,1.60502,0.58469,-1.14613,-1.36445,0.66423,1.6484,1.70885,-0.62587,-0.67938,-1.21679,-1.18811,-2.48829,-4.17468
128.0,-24.81133,-5.61868,-5.24602,-6.96363,-4.95443,-5.67417,0.6498,1.70022,0.72019,-0.78443,-1.27775,0.47183,1.6357,1.66945,-0.50357,-0.65058,-1.60009,-1.41021,-1.64829,-3.71848
129.0,-24.64763,-5.38718,-5.01402,-6.95213,-4.79893,-5.48517,0.6519,1.88082,0.85109,-0.65383,-1.14265,0.37933,1.6016,1.89995,-0.86357,-0.71918,-1.84299,-2.20191,-2.20849,-4.56798
130.0,-24.01703,-5.13358,-4.74642,-6.83983,-4.56503,-5.22167,0.8286,2.06742,1.09839,-0.43223,-1.04765,0.27103,1.5098,1.58325,-0.50597,-0.64148,-2.25639,-2.68461,-3.01759,-4.17218
131.0,-24.15503,-5.07708,-4.43442,-6.39053,-4.37623,-4.88167,0.7805,2.10202,1.22259,-0.35283,-1.26115,0.24973,1.3931,1.62935,-0.52887,-0.92398,-2.86329,-2.67611,-2.96079,-5.21378
132.0,-24.12863,-4.79378,-4.20142,-6.28033,-4.12983,-4.69097,0.5999,2.16992,1.42169,-0.16233,-0.88105,-0.06837,1.1986,1.48885,-0.51917,-0.80508,-3.62329,-3.50341,-3.69569,-5.70318
133.0,-22.35793,-4.72288,-3.98092,-6.12763,-3.90353,-4.60687,0.7376,2.32332,1.37579,0.15937,-0.94475,-0.30687,0.6246,1.19705,-0.64087,-0.84758,-4.48589,-5.23511,-4.55979,-6.06188
134.0,-23.67683,-4.50598,-3.79772,-5.74833,-3.89043,-4.43717,0.4498,2.33652,1.51019,0.08067,-0.79605,-0.72297,0.3627,1.05105,-0.71587,-1.50378,-4.93909,-4.53231,-4.96309,-6.49298
135.0,-22.30743,-4.25308,-3.50132,-5.67143,-3.74403,-4.25837,0.462,2.47012,1.59849,0.32317,-0.65735,-1.13867,0.1196,0.97855,-1.02837,-1.34548,-5.15669,-5.77321,-5.71369,-7.68538
136.0,-22.21903,-4.31608,-3.27922,-5.35593,-3.63713,-3.97397,0.4462,2.45562,1.54339,0.27017,-0.72195,-1.35747,-0.3131,0.72425,-1.04607,-1.99668,-6.32679,-7.53741,-7.43779,-8.25998
137.0,-22.04703,-4.06908,-3.01602,-5.29283,-3.29133,-3.81167,0.1475,2.58682,1.47329,0.27377,-0.55775,-1.59537,-0.7085,0.49405,-0.96047,-1.93438,-7.06679,-8.12221,-8.16619,-10.03268
138.0,-22.38403,-3.95768,-2.77662,-5.09583,-3.09983,-3.51677,0.1073,2.57882,1.70449,0.47747,-0.53395,-1.72267,-1.2255,-0.18425,-1.43517,-2.81228,-8.08289,-9.86921,-8.83979,-9.96118
139.0,-21.85023,-3.78188,-2.51372,-4.71613,-3.13063,-3.50257,-0.1556,2.50792,1.55209,0.55477,-0.44775,-2.15987,-1.7674,-0.53835,-1.76417,-3.19718,-8.71659,-12.29441,-10.55009,-10.89828
140.0,-21.57543,-3.53588,-2.34582,-4.40753,-3.00253,-3.25937,-0.3527,2.52592,1.59959,0.66937,-0.63805,-2.37437,-2.3798,-1.05725,-2.31017,-3.21418,-10.53809,-10.42861,-8.60609,-10.68708
141.0,-21.75473,-3.50008,-2.04412,-4.19043,-2.99353,-2.98577,-0.5266,2.29562,1.34889,0.61987,-0.65415,-3.00877,-2.8302,-2.06535,-2.47487,-4.44328,-9.65649,-12.37271,-10.04119,-12.91908
142.0,-21.85613,-3.40998,-1.97092,-4.17883,-2.92403,-2.79987,-0.6687,2.30502,1.53339,0.57077,-0.60265,-3.17177,-3.6824,-2.37085,-3.40337,-4.98538,-12.55819,-12.13201,-9.93969,-11.08448
143.0,-20.77513,-3.30438,-1.74992,-3.96113,-2.88333,-2.66737,-0.9715,2.41692,1.38759,0.51897,-0.68775,-3.51757,-4.463,-3.00555,-3.38007,-5.12988,-12.96709,-13.10611,-9.72889,-11.81178
144.0,-20.04103,-3.08638,-1.63652,-3.59873,-2.75583,-2.57217,-1.3874,2.17882,1.36789,0.49427,-0.85425,-3.96887,-5.1182,-3.79095,-4.26577,-6.30078,-13.97969,-11.96121,-9.07249,-10.08238
145.0,-20.76723,-3.01328,-1.48692,-3.52483,-2.55993,-2.50537,-1.5158,2.02802,1.32859,0.54637,-1.03125,-3.89077,-5.4152,-5.06455,-4.72547,-7.80028,-18.05309,-12.06081,-9.40429,-11.15898
146.0,-20.52323,-2.85308,-1.29542,-3.28643,-2.48023,-2.20267,-1.8503,1.72522,1.09119,0.39447,-1.06725,-4.71727,-6.906,-5.58805,-5.80117,-7.47898,-16.32299,-9.92421,-9.34419,-9.01508
147.0,-20.65853,-2.82338,-1.14502,-3.18713,-2.32203,-2.11497,-2.0417,1.58892,0.97609,0.24277,-1.31755,-5.22037,-7.5229,-6.82275,-6.35067,-9.41858,-13.68179,-10.90641,-7.73699,-10.22168
148.0,-20.37073,-2.67008,-1.00852,-2.90883,-2.35643,-2.05737,-2.4972,1.53722,0.78449,0.22547,-1.55545,-5.20187,-8.2837,-7.46615,-6.77657,-10.10368,-12.81679,-9.21311,-7.87549,-8.40898
149.0,-19.71863,-2.57208,-0.98012,-2.72793,-2.35093,-2.26607,-2.726,1.15972,0.60569,-0.01753,-1.71855,-5.53087,-9.4594,-8.42075,-8.46757,-10.29098,-10.62419,-8.02551,-7.47989,-7.80338
150.0,-19.73273,-2.49748,-1.16272,-2.70803,-2.38763,-2.54427,-3.0686,0.90612,0.46379,-0.18163,-2.30515,-6.18897,-11.8139,-9.25805,-8.73757,-10.17648,-9.50319,-8.10071,-7.77469,-7.49908
151.0,-18.78113,-2.43598,-0.58152,-2.40723,-2.19093,-2.01227,-3.3256,0.60372,0.00179,-0.20283,-2.31815,-6.77457,-11.6232,-9.10645,-8.45857,-8.58248,-8.30939,-6.59001,-6.63519,-8.56938
152.0,-18.98873,-2.35738,-0.40992,-2.26013,-2.03273,-2.04897,-3.6006,0.23062,-0.04261,-0.48583,-2.97725,-7.31737,-12.9424,-9.96025,-9.16267,-8.99088,-6.26399,-5.93411,-6.99909,-7.21738
153.0,-19.46873,-2.27988,-0.22872,-2.11133,-2.00483,-1.94937,-3.7485,-0.06458,-0.50071,-0.60093,-3.12455,-7.66047,-13.845,-10.01575,-8.89937,-8.18728,-5.20979,-5.64571,-6.59399,-7.33368
154.0,-18.48843,-2.15518,-0.06232,-1.86993,-1.88153,-2.09097,-3.9823,-0.54988,-0.76261,-0.97733,-3.95995,-8.22817,-14.766,-10.05055,-7.27167,-7.46918,-4.74449,-6.07621,-5.68439,-7.38858
155.0,-19.15613,-2.03698,0.00218,-1.82903,-1.80303,-1.89527,-4.1171,-0.84718,-1.06591,-1.28663,-4.11145,-8.63867,-13.8227,-10.73385,-7.54947,-6.41548,-4.28429,-4.90791,-5.11699,-7.05348
156.0,-18.76533,-2.04828,0.15538,-1.66143,-1.78223,-2.04677,-4.3038,-1.35598,-1.38121,-1.68973,-4.56825,-9.82497,-14.046,-8.83745,-6.56957,-5.75488,-3.67379,-4.47331,-5.30399,-6.92808
157.0,-18.28173,-1.88538,0.32688,-1.49513,-1.73443,-1.96147,-4.2256,-2.10838,-1.96031,-1.94393,-5.62775,-11.08177,-13.6788,-8.08155,-6.55847,-5.15058,-3.10039,-3.80501,-5.46669,-7.76898
158.0,-18.99593,-1.87898,0.41098,-1.37593,-1.66973,-2.02347,-4.4766,-2.79158,-2.42171,-2.34893,-5.98465,-12.07167,-12.3208,-7.85545,-5.82157,-5.37418,-2.38419,-3.88681,-5.72999,-7.06818
159.0,-18.39313,-1.83888,0.50658,-1.20633,-1.54933,-2.10957,-4.4658,-3.35788,-2.73281,-2.65693,-6.68425,-11.70607,-11.9076,-7.80495,-5.63807,-4.34968,-2.76189,-4.01351,-5.49099,-7.30608
160.0,-18.24233,-1.79788,0.64108,-1.05123,-1.45513,-2.12747,-4.3859,-3.99878,-3.20581,-3.16543,-7.39675,-13.95287,-10.8946,-6.92585,-5.41007,-4.18208,-2.96469,-3.89671,-5.56099,-8.62078
161.0,-17.93513,-1.67768,0.67618,-0.89613,-1.30063,-2.33607,-4.3239,-4.87988,-4.01821,-3.31703,-8.13955,-13.23187,-9.3227,-6.25355,-4.89897,-4.48138,-2.97619,-3.67721,-5.52359,-7.76118
162.0,-17.89513,-1.66428,0.82938,-0.87343,-1.23893,-2.28147,-4.259,-5.75028,-4.41221,-3.94453,-8.66005,-12.79377,-9.4118,-5.36865,-4.54587,-3.80928,-2.78959,-3.99231,-5.87869,-9.67208
163.0,-18.23533,-1.59058,0.96008,-0.82143,-1.23203,-2.40397,-4.2869,-6.89198,-4.97501,-4.63123,-8.83395,-12.20637,-8.6446,-5.35795,-4.78017,-3.83368,-3.50389,-4.53441,-6.48159,-9.15928
164.0,-17.90573,-1.43448,0.98528,-0.69113,-1.12883,-2.43897,-4.1256,-7.95148,-5.81201,-4.87903,-9.18115,-10.46727,-7.936,-4.69655,-5.14027,-4.05018,-3.73979,-5.20061,-6.31609,-8.72588
165.0,-17.50253,-1.46098,1.14658,-0.60633,-1.00483,-2.51317,-4.1454,-9.18878,-6.24311,-5.15883,-9.76275,-10.25827,-6.9162,-4.72715,-4.39257,-3.82908,-4.26849,-5.11361,-6.65409,-9.36498
166.0,-17.85023,-1.32548,1.15938,-0.45423,-0.90513,-2.45987,-4.0319,-10.42928,-6.85701,-5.67373,-9.04315,-8.81627,-6.0255,-3.80145,-4.03937,-4.30538,-4.37909,-6.05951,-6.45769,-9.84758
167.0,-17.99743,-1.39458,1.26618,-0.34533,-0.86953,-2.48147,-3.9344,-11.59948,-7.74411,-5.76903,-9.35325,-7.79607,-5.7872,-3.49095,-4.24867,-4.30878,-5.36389,-6.41081,-7.73939,-10.64758
168.0,-17.52523,-1.31138,1.31828,-0.26383,-0.81953,-2.40707,-3.8985,-13.71598,-8.09771,-6.17443,-8.51435,-6.77467,-5.1423,-3.57145,-4.60157,-4.39918,-6.49809,-6.08641,-7.28719,-10.67888
169.0,-17.50223,-1.18958,1.43648,-0.21543,-0.81023,-2.52567,-3.878,-16.16558,-8.34361,-6.33573,-8.12045,-5.67247,-4.3018,-2.78225,-4.44407,-4.74738,-7.20549,-6.58661,-7.88539,-10.29358
170.0,-17.35983,-1.31058,1.48568,-0.15013,-0.74413,-2.42977,-3.5931,-17.84048,-8.70401,-6.02483,-7.49655,-5.15007,-4.67,-2.78045,-4.42577,-4.66238,-7.59209,-7.48261,-7.47909,-10.29348
171.0,-16.40393,-1.25168,1.56368,-0.07523,-0.72813,-2.50957,-3.69,-20.39118,-9.35101,-6.26733,-7.28965,-4.08197,-3.845,-2.61625,-4.72707,-5.58998,-8.31499,-8.76381,-7.67829,-10.90678
172.0,-16.84563,-1.20098,1.66158,0.07617,-0.73863,-2.38547,-3.4915,-25.39818,-8.83061,-6.06843,-6.62845,-3.56137,-4.0109,-1.95755,-4.87387,-5.66288,-8.87619,-8.99371,-8.94679,-9.76058
173.0,-16.55513,-1.14278,1.68748,0.10087,-0.65883,-2.44057,-3.5985,-32.61358,-8.99451,-5.66883,-5.93795,-3.23007,-3.2987,-2.46085,-4.84787,-5.95508,-11.85179,-8.51551,-8.19649,-9.56238
174.0,-16.84773,-1.05868,1.73048,0.10247,-0.59213,-2.34747,-3.7277,-36.39378,-9.26041,-5.33053,-5.64285,-2.82847,-3.1524,-2.14675,-5.08057,-6.58718,-11.37109,-9.76881,-7.64979,-8.56618
175.0,-17.34193,-1.10878,1.72688,0.19397,-0.49473,-2.28707,-3.5814,-29.08698,-9.37451,-5.33423,-4.81065,-2.36087,-2.7259,-1.96135,-4.64037,-6.44848,-11.22869,-10.71871,-7.52139,-9.59028
176.0,-17.19683,-0.96198,1.83598,0.12757,-0.57103,-2.30467,-3.7454,-28.21838,-8.74451,-5.07613,-4.62945,-2.26037,-2.683,-2.33855,-5.07797,-7.29868,-12.65549,-10.46521,-6.56039,-7.91758
177.0,-17.16183,-1.04608,1.91538,0.25157,-0.60303,-2.41097,-3.9218,-25.95988,-8.39541,-5.05563,-4.62875,-2.06077,-2.7973,-1.89795,-4.93747,-7.13968,-12.29619,-10.25271,-7.43839,-8.32788
178.0,-16.94083,-1.02358,1.88378,0.29227,-0.56593,-1.98297,-3.9606,-22.27688,-8.66591,-4.83623,-4.19245,-1.89677,-2.7372,-1.88525,-5.19197,-7.61918,-14.06399,-9.13771,-7.05679,-8.00418
179.0,-16.39703,-0.91418,1.90038,0.22177,-0.54493,-2.17927,-4.3201,-25.03148,-8.41741,-4.65293,-4.07315,-1.75847,-2.5937,-2.08575,-5.12957,-7.91428,-13.48739,-10.22791,-7.28409,-8.09608
180.0,-16.87783,-1.00008,1.92598,0.23007,-0.63963,-2.24647,-4.1578,-21.72778,-8.14521,-4.62883,-3.95425,-2.01457,-2.6597,-2.25835,-5.60987,-8.29158,-13.48659,-9.71281,-6.47169,-7.27658
181.0,-16.75653,-0.96258,1.98828,0.29007,-0.62623,-2.07107,-4.4887,-26.03788,-7.83351,-4.65653,-3.56525,-1.66997,-2.801,-2.34745,-5.52187,-8.36648,-12.59159,-8.95331,-7.64899,-7.62168
182.0,-16.60343,-0.89528,1.98268,0.23437,-0.63863,-2.13567,-4.9298,-25.93638,-7.69351,-4.95323,-3.73395,-2.05437,-2.774,-2.50625,-5.69677,-9.24808,-13.06079,-8.43211,-6.61909,-8.93308
183.0,-16.31103,-0.94548,1.97858,0.24247,-0.79183,-2.19357,-5.1663,-29.95518,-7.80031,-4.79553,-3.33775,-2.16127,-2.9733,-2.66335,-5.37147,-8.72718,-10.06739,-7.65171,-6.80349,-8.34298
184.0,-16.33373,-0.91138,1.97008,0.21897,-0.87573,-2.12627,-5.4441,-37.08248,-7.31801,-5.45293,-3.59485,-2.43707,-3.1574,-3.04925,-6.23247,-8.89478,-9.52909,-6.79191,-7.72659,-8.38718
185.0,-16.36673,-0.92728,1.98638,0.16907,-0.98333,-2.27197,-5.601,-27.61918,-7.43741,-5.45383,-3.69745,-2.96667,-3.5086,-3.43835,-5.90737,-7.88358,-8.55709,-7.83291,-7.32399,-9.16418
186.0,-16.07623,-0.87488,1.94978,0.15297,-1.03213,-2.28337,-5.838,-23.59688,-7.51571,-5.49553,-4.01825,-3.62667,-4.116,-3.61225,-5.99157,-7.13758,-7.29709,-7.70971,-8.15129,-11.73538
187.0,-16.13683,-0.94628,1.98128,0.12857,-1.14423,-2.41777,-6.2691,-20.96718,-7.20801,-5.65483,-4.44185,-4.06577,-4.4189,-4.33965,-6.13977,-7.27288,-6.68739,-5.94161,-7.32659,-9.26198
188.0,-16.32273,-0.93478,1.91318,0.07807,-1.37423,-2.40637,-6.7081,-18.69688,-6.55931,-5.77843,-4.51125,-4.52867,-5.2328,-4.17245,-5.87207,-6.51238,-5.46549,-5.50671,-7.57039,-10.72958
189.0,-16.22443,-0.97528,1.91168,0.09117,-1.49993,-2.57687,-6.6818,-15.38778,-6.34641,-6.09903,-4.74115,-5.33187,-5.709,-4.91185,-6.05517,-6.12528,-5.10629,-6.01181,-7.96299,-10.95398
190.0,-15.97973,-0.98608,1.87458,-0.05593,-1.66803,-2.72357,-7.1886,-13.56598,-6.34651,-5.90143,-4.90365,-6.33677,-6.1722,-4.97255,-5.63677,-5.34428,-4.06039,-5.39561,-7.81589,-10.78218
191.0,-15.94493,-0.97288,1.83548,-0.09323,-1.82703,-2.75317,-7.3744,-11.53458,-5.55501,-5.97623,-5.50315,-6.78877,-7.1473,-5.32755,-5.31197,-4.47598,-3.88759,-4.28041,-7.10599,-10.78608
192.0,-15.81753,-1.07758,1.85328,-0.16263,-1.92003,-2.78167,-7.6036,-10.28558,-5.30341,-5.57363,-5.69395,-8.04517,-7.5984,-6.15865,-5.23537,-4.36388,-3.67869,-4.49531,-7.29299,-9.26668
193.0,-16.03133,-1.03828,1.76458,-0.25533,-2.13713,-2.93507,-7.7907,-8.78378,-4.65631,-5.47253,-6.14385,-9.37847,-7.8208,-5.71435,-5.15197,-4.07378,-3.55889,-4.19201,-6.43389,-10.72368
194.0,-15.63133,-1.09588,1.71158,-0.32613,-2.41273,-3.12677,-7.6865,-7.42868,-4.19241,-4.89953,-6.62605,-10.01107,-9.931,-6.47155,-4.72627,-3.67638,-2.71809,-4.06271,-6.97799,-10.45298
195.0,-15.53643,-1.14738,1.74198,-0.45103,-2.71103,-3.19057,-7.857,-6.29858,-3.68301,-4.57963,-6.21955,-11.75387,-9.4959,-6.25975,-5.19207,-3.83218,-2.94669,-4.26031,-6.54059,-8.60978
196.0,-15.56363,-1.10508,1.68238,-0.54633,-2.91983,-3.37987,-7.2848,-5.36368,-3.30981,-4.06213,-6.62875,-12.78277,-11.0863,-6.50515,-4.79597,-3.03058,-3.05479,-3.85931,-6.52259,-8.60948
197.0,-16.20803,-1.18788,1.62808,-0.57963,-3.18753,-3.26777,-6.8048,-4.47148,-2.87301,-3.58093,-6.12135,-13.03827,-11.5779,-6.62805,-4.74837,-3.56498,-3.06779,-4.14671,-5.19919,-8.22668
198.0,-15.91273,-1.20208,1.50928,-0.66293,-3.40563,-3.52107,-6.6778,-3.67838,-2.18131,-2.95903,-6.01855,-13.74407,-11.5965,-7.03215,-4.37887,-3.19428,-2.98179,-4.47591,-6.08589,-8.40948
199.0,-15.78593,-1.27098,1.40438,-0.82963,-3.67573,-3.62937,-6.2542,-2.96698,-1.92411,-2.59903,-5.64985,-13.57707,-12.5394,-6.99745,-4.72487,-3.93158,-3.72839,-4.56551,-5.47669,-8.53898
200.0,-16.03273,-1.33478,1.40788,-0.96213,-3.89453,-3.64007,-5.6824,-2.18838,-1.55371,-2.11823,-5.41895,-13.70507,-13.1635,-7.37005,-5.65457,-4.10048,-4.18029,-4.69271,-5.94339,-7.41728
201.0,-15.57213,-1.38458,1.25938,-1.07593,-4.18723,-3.54777,-5.0554,-1.62968,-1.14921,-1.61133,-4.79725,-13.63887,-13.1038,-7.28705,-5.94887,-3.80118,-4.60739,-4.77301,-5.50099,-5.77948
202.0,-15.92783,-1.38678,1.13658,-1.31063,-4.31993,-3.71097,-4.3989,-1.37148,-0.69151,-1.22403,-4.35585,-12.79537,-12.7753,-7.68205,-6.09397,-4.56238,-5.59189,-5.72851,-6.25829,-5.89018
203.0,-16.14213,-1.52288,1.08648,-1.33743,-4.68993,-3.71487,-4.0616,-0.96438,-0.25061,-0.76953,-3.86375,-12.07377,-13.724,-8.14345,-6.69567,-6.03558,-7.11459,-5.55591,-6.28829,-6.35168
204.0,-16.08623,-1.62298,0.97198,-1.56433,-4.81813,-3.54287,-3.3827,-0.20498,-0.04481,-0.45993,-3.52325,-11.79817,-13.7787,-8.21975,-7.02017,-5.94478,-7.16079,-7.28491,-6.29389,-5.98018
205.0,-16.20203,-1.62008,0.86028,-1.68813,-5.07833,-3.77687,-2.717,0.19222,0.20529,-0.10273,-3.38165,-11.37907,-13.1208,-8.48125,-8.17617,-6.48358,-7.89139,-6.09741,-5.27669,-6.19198
206.0,-15.84933,-1.67068,0.74188,-1.88623,-5.41633,-3.64107,-2.2875,0.55612,0.53289,0.06067,-3.10845,-11.22567,-12.9178,-7.43815,-8.05137,-7.52088,-8.93779,-7.41271,-5.84359,-5.82848
207.0,-16.07333,-1.71528,0.58308,-2.15823,-5.68833,-3.57377,-1.9838,0.91632,0.48829,0.24087,-2.95435,-10.78447,-12.7852,-7.50655,-8.96557,-9.28358,-10.50319,-8.92791,-5.85369,-6.18418
208.0,-16.42223,-1.88068,0.53638,-2.30363,-6.06673,-3.52577,-1.4375,1.13742,0.70219,0.43577,-2.63865,-9.59927,-11.4845,-7.44915,-8.51437,-8.67098,-11.37999,-9.10961,-6.34609,-6.52918
209.0,-16.07983,-1.92168,0.33978,-2.50593,-6.29423,-3.39867,-1.0408,1.50322,0.97399,0.69657,-2.53335,-9.14287,-10.2813,-6.79615,-7.93167,-9.00558,-12.84059,-11.09271,-7.19329,-5.91628
210.0,-16.21093,-1.98608,0.24558,-2.69553,-6.85613,-3.06077,-0.7361,1.71622,1.09899,0.70497,-2.21445,-8.29197,-8.7862,-5.54675,-7.84217,-9.84088,-14.13429,-10.16571,-7.96199,-7.66678
211.0,-16.67983,-2.14398,0.12218,-3.03483,-7.12803,-3.09907,-0.2093,1.92672,1.11599,0.82637,-2.21295,-8.39387,-7.4099,-5.02515,-7.02387,-10.04988,-14.23139,-11.55761,-8.16809,-7.82058
212.0,-16.79063,-2.23708,-0.10892,-3.25503,-7.13933,-2.92177,0.2675,2.03832,1.24739,0.82687,-2.10385,-7.55727,-6.7571,-4.33265,-5.75927,-10.12118,-15.63419,-10.84861,-8.47659,-8.79348
213.0,-16.41243,-2.25988,-0.19882,-3.42353,-7.29913,-2.68207,0.486,2.35682,1.33899,0.90607,-1.77945,-6.95127,-5.7434,-3.42825,-5.01797,-8.09028,-14.17429,-12.87331,-9.50229,-9.90478
214.0,-16.67983,-2.38598,-0.31802,-3.76663,-7.58653,-2.47567,0.7283,2.39362,1.31829,0.78487,-1.88655,-6.57317,-5.4177,-2.83525,-4.51427,-7.80178,-14.16209,-11.70651,-9.12879,-9.03728
215.0,-16.50663,-2.50938,-0.60432,-4.00973,-7.83203,-2.39267,1.0124,2.54242,1.22879,0.73797,-1.84665,-4.96387,-4.2552,-2.04865,-3.72237,-7.01108,-11.83979,-12.24721,-11.32849,-10.21758
216.0,-16.88063,-2.56978,-0.72792,-4.16363,-8.40043,-2.16617,1.247,2.58192,1.25239,0.90387,-1.74215,-4.62287,-3.1972,-1.72395,-3.09247,-6.22918,-10.36799,-11.63631,-10.53979,-12.02318
217.0,-17.29423,-2.74168,-0.89482,-4.47843,-8.22003,-2.07067,1.3794,2.68152,1.25439,0.54907,-1.38675,-3.68787,-2.5136,-0.89475,-3.05697,-5.93038,-9.87889,-11.29021,-10.41199,-12.94188
218.0,-17.25073,-2.90758,-1.06602,-4.82623,-8.33333,-1.98127,1.5391,2.68112,1.07979,0.46037,-1.39755,-3.15917,-1.8717,-0.81865,-2.58097,-5.48718,-8.89669,-9.89581,-9.29789,-13.37648
219.0,-17.13603,-2.99018,-1.31072,-5.11493,-8.82743,-1.78407,1.7531,2.78782,0.97109,0.47697,-1.29065,-2.31457,-1.2756,-0.01285,-1.63507,-4.57558,-7.38999,-8.79451,-8.59059,-13.80218
220.0,-17.57973,-3.08748,-1.48142,-5.36853,-8.64593,-1.76227,1.9159,2.61282,0.87549,0.25317,-1.12105,-1.92377,-1.0345,0.02545,-1.70747,-4.20578,-7.23259,-8.34251,-6.61939,-10.82308
221.0,-17.07403,-3.26848,-1.68132,-5.68913,-8.79993,-1.56797,2.0119,2.77112,0.64979,-0.03393,-0.83155,-1.18467,-0.6511,0.24695,-1.33727,-3.76838,-6.14109,-6.39061,-6.79419,-10.45708
222.0,-17.55983,-3.48228,-1.79772,-5.91303,-9.25323,-1.43767,2.0767,2.63342,0.52109,-0.20273,-0.82805,-0.92627,-0.143,0.46935,-1.20017,-3.79078,-4.83969,-6.28391,-6.95019,-9.14308
223.0,-17.45733,-3.51358,-2.05522,-6.26993,-9.12803,-1.48067,2.227,2.60302,0.33469,-0.26483,-0.79175,-0.29577,-0.0992,0.83655,-0.77057,-3.02828,-4.83919,-4.87131,-5.46559,-7.95278
224.0,-17.57823,-3.70078,-2.18122,-6.63283,-9.11173,-1.29357,2.2517,2.48002,0.12929,-0.60963,-0.37955,-0.00177,0.2993,1.06925,-0.67737,-2.67118,-3.85579,-4.55901,-4.82929,-8.72608
225.0,-18.04613,-3.96228,-2.46872,-7.04213,-9.30803,-1.34307,2.3025,2.42222,-0.16071,-0.73313,-0.27565,0.33653,0.3973,0.86515,-0.79177,-2.39548,-3.54839,-3.02381,-4.00889,-6.54748
226.0,-18.02723,-4.07338,-2.66292,-7.51073,-9.34663,-1.39467,2.3788,2.23002,-0.19941,-1.05423,-0.14825,0.71883,0.5045,1.01275,-0.63837,-2.49778,-2.65919,-2.57561,-3.58229,-6.10758
227.0,-17.95803,-4.26758,-2.83042,-7.98503,-9.41023,-1.30367,2.3715,2.12362,-0.74461,-0.95253,0.15765,1.13173,0.6847,1.04055,0.03073,-1.59288,-2.40109,-2.37901,-3.10689,-6.12088
228.0,-18.29163,-4.45958,-3.08082,-8.26793,-9.35033,-1.31677,2.3426,1.92052,-0.87921,-1.16413,0.26175,1.35983,0.6107,0.98295,-0.12417,-1.24858,-1.94859,-1.62931,-2.53209,-5.42888
229.0,-17.81573,-4.56568,-3.32202,-8.56223,-9.36483,-1.32697,2.319,1.84972,-1.19531,-1.34373,0.27045,1.41453,0.6969,0.81035,-0.25607,-1.18808,-1.30329,-1.19791,-2.46849,-4.92028
230.0,-18.41063,-4.80018,-3.49642,-8.85843,-9.53553,-1.40917,2.3013,1.61692,-1.42921,-1.53413,0.53175,1.85223,0.8169,0.84885,-0.22137,-0.78658,-0.89069,-1.05541,-2.19569,-4.21028
231.0,-18.35823,-4.86788,-3.79732,-9.43983,-9.49053,-1.40407,2.223,1.45772,-1.79281,-1.60163,0.48275,1.80673,0.6184,0.96435,-0.17457,-0.53608,-0.64769,-0.57631,-1.59929,-3.72038
232.0,-18.70053,-5.16938,-4.24662,-9.74643,-9.74313,-1.52287,2.2576,1.18042,-2.18641,-1.87343,0.68595,2.03843,0.5718,0.54235,-0.47177,-0.35748,-0.59909,-0.06701,-1.66749,-2.93118
233.0,-18.59743,-5.33618,-4.36972,-10.36723,-9.69323,-1.48797,2.1304,0.85662,-2.50301,-2.27203,0.84365,2.10073,0.5378,0.49615,-0.12137,-0.40048,-0.40089,0.08309,-1.27259,-2.28058
234.0,-18.63553,-5.64428,-4.64482,-10.82833,-9.60843,-1.63737,1.9194,0.80962,-2.71211,-1.98123,0.79695,2.02683,0.5117,0.40035,-0.20307,0.01262,-0.04079,-0.43081,-1.74299,-2.99018
235.0,-19.38983,-5.83728,-4.99102,-11.06413,-9.56293,-1.69347,1.6961,0.37622,-3.20781,-1.90733,0.85605,2.33213,0.304,0.02285,-0.50627,0.07972,-0.08709,-0.42601,-1.56609,-2.91338
236.0,-19.46743,-6.06168,-5.20122,-11.49933,-9.86663,-1.88277,1.6485,0.26572,-3.58971,-2.26863,0.74115,2.09133,0.21,-0.22065,-0.35077,0.24132,-0.03999,-0.18041,-1.79569,-2.42358
237.0,-19.91093,-6.23848,-5.61612,-11.88733,-9.98193,-2.21987,1.5448,-0.07498,-3.85071,-2.46303,0.81245,2.19373,0.041,-0.29575,-0.26357,0.30072,0.56851,0.11039,-1.39149,-2.08298
238.0,-20.02763,-6.54198,-6.19932,-12.21213,-10.43583,-2.66647,1.4639,-0.41368,-4.27561,-2.69073,0.75845,2.10953,-0.2214,-0.34445,-0.42657,-0.01048,0.35771,-0.26891,-0.91549,-2.75468
239.0,-20.77333,-6.59518,-6.47482,-12.58893,-9.91043,-2.27507,1.1585,-0.76098,-4.93181,-2.70653,0.59305,2.04713,-0.4982,-1.09425,-0.50577,0.19932,0.31591,0.00939,-1.33689,-2.68288
240.0,-20.63753,-6.98968,-6.83872,-13.08923,-10.35423,-2.47087,0.9643,-1.17018,-4.93921,-2.55733,0.61045,1.78773,-0.9312,-1.02555,-0.79717,0.56472,0.04201,-0.28151,-1.71769,-2.12208
241.0,-21.64893,-7.31958,-7.25162,-13.73533,-10.40923,-2.77267,0.7916,-1.48528,-5.51421,-3.02283,0.34175,1.93033,-1.0666,-1.47635,-0.70887,0.20982,0.18191,-0.59351,-1.23159,-2.31448
242.0,-20.95443,-7.65748,-7.70192,-14.18243,-10.58263,-2.96737,0.487,-1.82678,-6.01391,-3.32483,0.38455,1.67773,-1.4252,-1.80315,-0.90187,0.17472,0.13791,-0.61931,-1.55199,-2.23188
243.0,-21.81243,-7.84348,-7.73442,-15.01773,-11.12323,-3.30787,0.2179,-2.20018,-6.56341,-3.70243,0.15195,1.28943,-1.6684,-2.12865,-0.97677,0.12252,-0.02589,-0.75471,-1.86439,-2.45698
244.0,-21.70603,-8.12218,-7.92342,-15.30103,-11.10623,-3.76567,-0.0167,-2.65818,-6.78241,-3.65733,0.03335,1.23833,-2.1679,-2.16855,-0.87247,0.33382,-0.24019,-0.96091,-1.78269,-1.92538
245.0,-22.41873,-8.58468,-8.32302,-16.68583,-11.47843,-3.98167,-0.3405,-2.99968,-7.41401,-3.46713,-0.25415,0.93603,-2.1926,-2.64955,-1.45617,-0.02058,-0.89179,-1.53831,-1.66209,-3.42818
246.0,-23.65093,-8.81968,-8.96662,-18.14553,-11.77353,-4.32917,-0.5757,-3.43938,-8.09541,-4.24173,-0.34035,0.86803,-2.7013,-2.94215,-1.54577,-0.02868,-0.82229,-1.72391,-2.42049,-1.79018
247.0,-22.59053,-9.36518,-9.36092,-18.92143,-12.21363,-4.50247,-0.8932,-4.04668,-8.13821,-4.15063,-0.63975,0.58583,-3.2907,-3.11415,-1.62937,-0.56568,-1.03389,-2.25021,-2.77219,-3.33858
248.0,-23.20133,-9.62408,-9.83112,-18.63123,-12.04743,-4.88927,-1.0798,-4.49298,-8.60731,-4.79623,-0.78965,0.24073,-3.3238,-3.69785,-1.98807,-0.82688,-1.43809,-2.31091,-3.18749,-2.47198
249.0,-23.51903,-10.00778,-10.43932,-20.09963,-12.13553,-5.05297,-1.4117,-4.97298,-8.95121,-4.63923,-1.14985,-0.19147,-3.7168,-4.03555,-2.41447,-1.30738,-1.78089,-2.56341,-3.62559,-2.91088
250.0,-24.23393,-10.40098,-11.03122,-21.59323,-12.47813,-5.42327,-1.9204,-5.42658,-9.77981,-4.97703,-1.43585,-0.37887,-4.2379,-4.42255,-2.60477,-1.10308,-2.49169,-3.40281,-3.70379,-3.87708
251.0,-24.57493,-10.77078,-11.43302,-22.96933,-12.90283,-5.89757,-2.2998,-5.98338,-10.57271,-5.48383,-1.98225,-0.85407,-4.769,-4.93655,-2.79297,-1.26208,-2.14779,-4.20071,-3.78529,-3.96278
252.0,-24.01423,-11.42208,-12.05312,-23.08003,-12.84113,-6.18957,-2.6254,-6.60268,-10.32511,-5.83393,-2.16835,-1.26307,-5.3499,-5.55285,-3.52157,-1.78828,-2.93329,-3.85111,-4.40069,-3.68708
253.0,-25.12703,-11.77628,-12.84182,-24.54993,-13.13833,-6.63057,-3.1784,-6.87438,-11.33451,-6.49873,-2.55425,-1.52517,-6.0422,-5.97345,-3.46637,-2.62698,-3.32169,-4.75711,-4.90839,-4.78648
254.0,-25.07743,-12.37098,-13.24262,-26.22263,-13.77613,-7.25587,-3.632,-7.55088,-11.58811,-6.31403,-2.87845,-2.04617,-6.9044,-5.77065,-4.11257,-2.58558,-4.14249,-4.73631,-4.87979,-5.22068
255.0,-25.12363,-13.01048,-14.36012,-26.10153,-13.97613,-7.93747,-4.0584,-8.55238,-13.16841,-7.19833,-3.50435,-2.89567,-6.9241,-7.13875,-4.67117,-3.04738,-4.33029,-5.67041,-6.12929,-5.59348
256.0,-25.39313,-13.36568,-14.86452,-29.25393,-13.89863,-8.06907,-4.4571,-9.32208,-13.32451,-7.42023,-3.96855,-3.26257,-7.6266,-7.35735,-5.24447,-3.50678,-5.02269,-5.67321,-6.07339,-5.37238
257.0,-24.59263,-14.25418,-16.58832,-30.09203,-14.80673,-9.12677,-4.8821,-10.41438,-14.15431,-7.84383,-4.50205,-3.69787,-8.7304,-7.68925,-5.44957,-4.22958,-6.57419,-7.06631,-7.61579,-7.09838
258.0,-24.84453,-14.69908,-17.19452,-29.57033,-15.10613,-9.49147,-5.507,-11.06578,-14.81551,-8.63493,-5.29565,-4.45107,-9.2631,-8.99565,-6.34217,-4.82398,-6.16819,-7.53331,-6.95109,-7.23098
259.0,-26.00813,-15.61018,-18.46482,-30.58363,-15.79123,-9.70797,-6.1675,-11.49678,-16.36801,-9.74323,-5.63435,-5.08547,-10.1611,-9.46865,-7.03667,-5.43098,-7.18349,-7.63901,-7.49079,-9.37038
260.0,-24.97383,-15.84748,-19.87762,-31.74883,-16.07933,-10.58867,-6.7444,-12.96868,-17.47391,-9.98233,-6.36935,-5.83097,-10.3529,-9.76635,-6.96407,-5.84068,-8.39029,-8.31051,-8.35029,-10.27208
261.0,-24.70743,-17.30458,-21.30252,-33.00233,-16.57093,-11.50437,-7.7123,-14.27648,-17.87941,-11.10923,-7.12615,-6.58747,-12.3777,-10.60515,-8.17527,-6.95038,-9.94309,-9.42141,-10.63819,-10.46688
262.0,-25.62463,-18.45708,-23.55732,-29.86243,-16.64693,-11.79957,-8.416,-15.67138,-19.29721,-11.45243,-8.11465,-7.46647,-11.3653,-12.16295,-9.10457,-7.69498,-10.62649,-11.71441,-10.93599,-12.08438
263.0,-24.31733,-19.16048,-26.74712,-28.25323,-16.80093,-12.67627,-9.0286,-16.89368,-20.47911,-13.03463,-9.37785,-8.44427,-13.1018,-14.11365,-10.96837,-8.89278,-10.37579,-11.12341,-10.85529,-12.77308
264.0,-24.92793,-19.99828,-30.85702,-26.61683,-17.24283,-13.29787,-9.9154,-17.82948,-21.29221,-13.54033,-9.67545,-9.34127,-14.5152,-14.34025,-10.76077,-8.74498,-13.89009,-11.46511,-14.75579,-15.22478
265.0,-25.72573,-20.89628,-34.80342,-25.76533,-17.44093,-13.63117,-11.1172,-20.50828,-22.04961,-14.33373,-11.36715,-10.39127,-15.8434,-16.06755,-12.43127,-11.05998,-14.97689,-14.69831,-17.48939,-15.25858
266.0,-24.11213,-22.83418,-44.70872,-24.18293,-18.32543,-14.65497,-12.0259,-24.60178,-25.39621,-14.46703,-11.93075,-12.59157,-18.447,-19.79515,-13.22477,-11.22438,-14.67269,-14.11421,-15.66099,-15.21178
267.0,-24.01393,-23.32228,-32.43492,-23.39363,-18.03073,-14.78447,-13.1635,-26.00248,-24.03791,-16.12393,-12.42995,-13.99667,-18.256,-20.54185,-15.06317,-13.47988,-21.56759,-16.23691,-19.33909,-18.71558
268.0,-25.69193,-24.36188,-27.14142,-22.01303,-18.73063,-14.89257,-14.0239,-28.15428,-24.05951,-17.25073,-12.89365,-15.89247,-17.6788,-22.30905,-17.29107,-15.54228,-23.09879,-18.27771,-20.88369,-30.59918
269.0,-23.69123,-26.11028,-24.85962,-21.89343,-17.91743,-15.08917,-15.4488,-26.72048,-22.11721,-17.99623,-14.32555,-17.54817,-20.2669,-31.07545,-18.49517,-19.59438,-21.63869,-22.63101,-32.94749,-25.65198
270.0,-23.49113,-25.00928,-22.33632,-20.35073,-18.60733,-15.10527,-16.0444,-21.92768,-20.96521,-18.57543,-15.46265,-19.91367,-20.5935,-26.79265,-21.49927,-18.41948,-30.46179,-21.46771,-26.57069,-22.61288
271.0,-23.71993,-24.82588,-20.72402,-21.07923,-19.12433,-14.92927,-16.3759,-20.25488,-21.06021,-17.49053,-15.59585,-23.33627,-18.2167,-28.84645,-19.26127,-20.75798,-23.28159,-18.37591,-32.30069,-20.76158
272.0,-23.38733,-24.55728,-18.96192,-19.80263,-18.79043,-14.21527,-17.1416,-17.90588,-20.56601,-16.05883,-14.00425,-18.77567,-21.2375,-21.32365,-20.45077,-19.54718,-18.29249,-18.20101,-24.67299,-21.03658
273.0,-22.10453,-22.25778,-17.60932,-19.11403,-19.16423,-14.13217,-16.1299,-17.03078,-18.82051,-15.76503,-13.53805,-17.42117,-19.1034,-18.39365,-17.41497,-18.50138,-17.12519,-15.20281,-20.83569,-21.18728
274.0,-22.74543,-21.75268,-16.39552,-19.00373,-18.86723,-13.11287,-15.0747,-15.90128,-17.64561,-14.20023,-12.28615,-16.80397,-17.5467,-16.90125,-15.28637,-13.73858,-16.14949,-17.85381,-17.15499,-13.92508
275.0,-21.77773,-20.34228,-16.30402,-18.23013,-19.30383,-12.49537,-14.47,-14.11168,-16.23581,-13.80583,-11.20745,-14.93607,-15.0969,-14.39775,-13.86007,-12.92558,-12.73249,-16.22471,-16.75369,-14.33078
276.0,-22.29963,-19.22438,-14.89002,-17.64803,-18.98603,-12.00407,-13.4611,-12.80238,-16.60221,-12.46133,-10.99395,-12.55817,-15.4043,-14.92545,-11.79217,-10.94858,-11.50099,-12.79621,-14.79109,-12.34658
277.0,-21.73053,-18.58998,-13.99002,-17.03333,-18.60433,-11.19797,-11.7624,-11.95598,-15.05971,-11.47653,-9.93425,-11.59247,-12.9658,-12.43065,-11.16727,-11.28948,-10.39209,-10.95301,-13.26739,-12.85558
278.0,-21.83973,-17.58938,-13.55272,-16.41523,-17.55423,-10.78927,-10.7322,-10.97478,-14.69121,-11.23883,-8.64145,-10.48717,-12.6039,-11.90525,-10.27627,-9.04438,-9.89599,-10.25081,-11.36149,-11.57398
279.0,-21.84623,-16.75718,-12.69662,-15.88093,-17.99913,-9.91347,-10.5257,-9.91408,-13.33531,-11.06913,-8.68425,-8.71097,-10.6253,-11.70515,-9.54387,-7.98238,-8.00979,-10.00891,-10.27789,-11.07098
280.0,-21.46653,-15.39628,-12.04902,-15.60543,-17.64713,-9.54887,-9.1467,-9.17458,-13.25751,-9.74323,-7.69505,-8.47657,-10.1561,-10.33075,-8.94037,-8.35188,-8.28549,-9.14701,-9.81329,-9.20908
281.0,-20.88233,-15.01388,-11.59612,-15.07353,-17.51773,-9.10017,-8.5306,-8.56428,-12.86141,-9.45993,-7.13785,-7.30097,-10.4905,-9.52745,-7.76027,-6.85268,-6.73049,-8.03701,-11.15119,-8.30218
282.0,-21.46153,-14.71718,-11.14952,-14.71693,-16.98263,-8.81097,-7.7561,-8.22858,-13.26831,-8.78183,-6.68085,-6.92747,-8.5439,-8.61405,-7.06187,-6.40138,-6.84659,-7.63221,-8.09339,-9.46478
283.0,-21.07843,-13.86668,-10.63002,-14.23693,-16.32783,-8.12187,-6.9929,-7.62638,-11.88521,-8.21433,-5.67605,-5.67607,-8.1889,-8.60605,-6.20637,-5.47308,-6.72359,-6.49561,-8.20969,-8.45958
284.0,-20.96523,-13.42278,-10.20132,-13.95523,-16.28693,-7.64227,-6.4528,-7.13238,-11.61091,-7.50823,-5.50745,-4.86697,-7.6918,-7.33015,-6.05697,-4.58098,-5.13719,-4.81981,-7.46469,-7.69868
285.0,-20.57253,-12.81968,-9.47642,-13.59653,-15.29723,-7.09697,-5.946,-6.33308,-10.74841,-7.45103,-5.16635,-4.34507,-6.5346,-7.07095,-5.43327,-4.16658,-5.85689,-5.62971,-7.34929,-6.16448
286.0,-19.56403,-12.14478,-9.31992,-13.49023,-15.36203,-6.77797,-5.1993,-5.81308,-10.79781,-6.57733,-4.44155,-3.50897,-6.0759,-7.09985,-5.14377,-3.41548,-4.78299,-4.47031,-5.90989,-6.07308
287.0,-20.56593,-11.79818,-8.81522,-13.10943,-14.97383,-6.24357,-4.8016,-5.28848,-10.78281,-6.66523,-3.91085,-3.44177,-5.7193,-6.35015,-4.78807,-3.08208,-4.57739,-4.22941,-5.78259,-5.24098
288.0,-20.27603,-11.24978,-8.45462,-12.46183,-14.62933,-6.01767,-4.2626,-4.84148,-10.27931,-6.08813,-3.69535,-2.97437,-5.1224,-5.70105,-4.22877,-2.55318,-3.33919,-3.97821,-5.98949,-5.80398
289.0,-20.15563,-11.04038,-8.12702,-12.12573,-14.53753,-5.70537,-3.7258,-4.41398,-9.36291,-6.00273,-3.35265,-2.33367,-4.6203,-5.22025,-3.63207,-2.37708,-3.57869,-2.56771,-4.83109,-5.19208
290.0,-19.84343,-10.55248,-7.75362,-11.84653,-14.46023,-5.53157,-3.5512,-3.96498,-9.22051,-5.57773,-3.21535,-1.97657,-4.3918,-5.42185,-3.87027,-1.79988,-3.75469,-2.43561,-5.20779,-4.81388
291.0,-19.76833,-10.03968,-7.31052,-11.60363,-13.76413,-5.41577,-3.0442,-3.43998,-8.76901,-5.34753,-2.74905,-1.47407,-3.5042,-5.34685,-3.45547,-1.48958,-3.05159,-2.40291,-4.61839,-4.94108
292.0,-20.04623,-9.80848,-7.02292,-11.29363,-13.49393,-5.07447,-2.6489,-3.26688,-8.75741,-4.76673,-2.23395,-1.00877,-3.436,-4.41855,-2.92287,-1.32028,-2.76929,-1.72171,-4.52679,-5.07298
293.0,-19.18453,-9.39158,-6.65842,-11.03883,-13.90273,-4.72787,-2.526,-2.79508,-8.23021,-5.09223,-1.90645,-0.75457,-2.8534,-4.04835,-2.64207,-0.85308,-2.54609,-1.94401,-4.33509,-4.08988
294.0,-19.21183,-9.32168,-6.42702,-10.88653,-13.51293,-4.73217,-2.0519,-2.39408,-7.67141,-4.54953,-1.68305,-0.64407,-2.4953,-3.60205,-2.65147,-0.77448,-2.12999,-1.50251,-4.01959,-3.71208
295.0,-18.99383,-8.68038,-6.27492,-10.40303,-13.01763,-4.35317,-1.7033,-2.15908,-7.17791,-4.54933,-1.70335,-0.30687,-2.0701,-3.38965,-2.43147,-0.62308,-2.60509,-0.79111,-3.29829,-3.86308
296.0,-18.94793,-8.42868,-5.89622,-10.07083,-12.57403,-4.22147,-1.3661,-1.73558,-7.15131,-4.27253,-1.39775,0.04443,-1.7365,-3.63925,-2.18747,-0.48028,-1.64349,-1.30441,-2.54639,-3.58168
297.0,-19.00633,-8.12628,-5.46172,-9.70973,-12.93143,-4.13157,-1.1069,-1.51378,-6.75071,-4.28233,-1.27295,0.37503,-1.3665,-3.58955,-2.35427,-0.37208,-2.01909,-0.40281,-2.79319,-3.62788
298.0,-19.12483,-7.99778,-5.28242,-9.45133,-12.69163,-3.94077,-0.9549,-1.12228,-6.47371,-4.01343,-1.07055,0.44513,-1.224,-2.84515,-2.23357,-0.10228,-1.83109,-0.68931,-2.68779,-3.34668
299.0,-18.84463,-7.66868,-4.99122,-9.38033,-12.67023,-3.71957,-0.7044,-0.66438,-5.90861,-4.05413,-0.87785,0.49373,-0.892,-2.64875,-1.97227,-0.01858,-1.49939,-0.58601,-2.70409,-3.74258
300.0,-18.62423,-7.26108,-4.72632,-8.96893,-12.30943,-3.60847,-0.3866,-0.65738,-5.57891,-3.56413,-0.56395,0.80403,-0.7453,-2.26195,-1.95487,-0.07258,-1.59349,-0.02161,-2.57429,-3.02708
301.0,-18.53763,-7.15768,-4.45442,-8.65943,-12.15413,-3.51867,-0.0618,-0.43378,-5.39941,-3.47393,-0.68115,0.99633,-0.3199,-2.03945,-1.76797,0.12482,-1.50649,0.12639,-2.57249,-3.38748
302.0,-18.94293,-6.89818,-4.14532,-8.40053,-12.05493,-3.53707,-0.096,-0.12718,-4.90741,-3.46393,-0.50405,1.04603,0.08,-1.75915,-2.15957,0.04662,-1.17609,-0.27831,-1.81499,-3.16148
303.0,-18.77593,-6.66138,-3.94542,-8.13003,-11.85463,-3.24707,0.1462,0.16422,-4.22431,-3.43783,-0.56805,1.13563,0.2781,-1.61745,-1.85647,0.04022,-1.63719,-0.24711,-2.32789,-3.45468
304.0,-18.52603,-6.33088,-3.80002,-7.81263,-11.73423,-3.27997,0.2834,0.31892,-4.55391,-3.06693,-0.82055,1.13313,0.2418,-1.45215,-1.91247,-0.03808,-1.57299,0.20339,-1.58469,-4.33438
305.0,-18.31773,-6.21568,-3.50792,-7.60043,-11.56703,-3.17337,0.3574,0.53422,-3.95481,-3.21853,-0.43765,1.12113,0.4813,-1.08585,-1.75087,-0.08708,-1.20229,0.03739,-2.53649,-3.39678
306.0,-18.15513,-6.01968,-3.42472,-7.31743,-11.18313,-3.05647,0.6189,0.71972,-3.32491,-3.14103,-0.69745,1.29793,0.5185,-0.96735,-1.89057,-0.29498,-1.26619,-0.48461,-1.39929,-3.69578
307.0,-18.21623,-5.72738,-3.19392,-7.07833,-11.48963,-3.04337,0.6932,0.96722,-3.23721,-2.82953,-0.57275,1.31963,0.7001,-0.94005,-1.74997,-0.40968,-1.69799,-0.60581,-2.16479,-3.66438
308.0,-18.31023,-5.55288,-2.97062,-6.84823,-10.98173,-3.13557,0.877,1.06862,-2.78551,-2.82233,-0.65775,1.10573,0.7575,-0.47435,-1.65497,-0.82948,-1.67649,-0.57091,-2.30659,-3.85108
309.0,-17.86463,-5.34618,-2.85292,-6.68283,-10.99153,-3.10747,0.9786,1.34022,-2.47261,-2.57493,-0.78795,1.30893,0.7814,-0.32085,-1.61347,-0.72888,-1.23329,-0.87241,-3.07439,-4.37358
310.0,-18.45163,-5.19248,-2.63022,-6.37473,-10.66883,-3.06267,1.064,1.30852,-2.21011,-2.39053,-0.85825,1.06693,0.7425,-0.13225,-2.23717,-0.79158,-1.74399,-1.58541,-2.44449,-4.12028
311.0,-18.74603,-4.92318,-2.42442,-6.06533,-10.59653,-3.08987,1.1469,1.57442,-2.00731,-2.30853,-1.08575,0.86873,0.6033,-0.52495,-1.79707,-1.03828,-1.78309,-1.49101,-2.52369,-4.62668
312.0,-17.92773,-4.82108,-2.25812,-5.84393,-10.40403,-3.16947,1.1234,1.52752,-1.85631,-2.23013,-0.97615,0.84223,0.6991,-0.33205,-1.69977,-1.87788,-2.03829,-2.87721,-2.82829,-4.91658
313.0,-18.36933,-4.56768,-2.10892,-5.61393,-10.71523,-3.11717,1.1511,1.64932,-1.34181,-1.99173,-1.16475,0.51313,0.5988,-0.26635,-1.32237,-2.10038,-2.53719,-2.63751,-3.47639,-6.28988
314.0,-17.81463,-4.52218,-1.87202,-5.39463,-10.41623,-3.32787,1.1249,1.83172,-0.97971,-1.64683,-1.52525,0.15703,0.6646,0.02895,-1.64057,-2.23538,-2.23059,-2.82961,-4.10009,-6.17338
315.0,-17.67393,-4.28568,-1.82152,-5.20343,-10.22313,-3.40917,1.1375,1.85982,-1.06041,-1.37143,-1.68855,-0.11447,0.357,0.02395,-1.54257,-2.61538,-2.98659,-4.01491,-3.93269,-6.73398
316.0,-17.81413,-4.02578,-1.64732,-4.97153,-9.93543,-3.45897,1.021,1.88912,-0.61971,-1.22033,-1.78615,-0.17777,0.0556,-0.20045,-1.54107,-3.02538,-2.75699,-5.19821,-4.63349,-7.28528
317.0,-17.76573,-4.02468,-1.52152,-4.79763,-9.82433,-3.63727,1.0458,1.96082,-0.42881,-1.05473,-1.85095,-0.63127,-0.4452,-0.12545,-1.60687,-3.34588,-2.91929,-5.62671,-5.24219,-6.95468
318.0,-18.15343,-3.77228,-1.34742,-4.58803,-9.61993,-3.69747,1.0269,1.86652,-0.14921,-0.79873,-1.94745,-1.10047,-0.689,-0.30435,-1.40007,-3.68338,-3.99939,-5.84451,-6.80489,-9.68998
319.0,-17.62243,-3.64368,-1.10572,-4.34263,-9.60123,-3.82977,0.8919,1.84722,0.08379,-0.63703,-2.27115,-1.46397,-1.1118,-0.46015,-1.74697,-3.77788,-4.37809,-7.67521,-6.54879,-8.42108
320.0,-17.56713,-3.47318,-1.00682,-4.04213,-9.14953,-4.18877,0.7641,1.88692,0.20119,-0.41493,-2.33225,-1.95707,-1.2115,-0.45195,-1.88277,-4.38648,-4.84009,-8.24121,-7.44819,-8.82108
321.0,-17.51013,-3.41238,-0.95302,-3.83293,-9.10003,-4.02787,0.6813,1.76142,0.34759,-0.23893,-2.43495,-2.73967,-2.0691,-0.78805,-1.57257,-5.50378,-5.24959,-8.65841,-8.15539,-9.53668
322.0,-18.22883,-3.28248,-0.70632,-3.63293,-8.81173,-4.47777,0.4803,1.77452,0.51089,-0.00533,-2.46405,-3.42397,-2.493,-1.20205,-2.10457,-5.27778,-6.52849,-10.40191,-9.36689,-9.93458
323.0,-17.69443,-3.20388,-0.61702,-3.50723,-8.45353,-4.53127,0.3948,1.60092,0.72449,0.14417,-2.41425,-4.08817,-3.2349,-1.39595,-2.29227,-5.72418,-7.24479,-11.91301,-10.13899,-10.61658
324.0,-17.70493,-2.94888,-0.45852,-3.37073,-8.33393,-4.75637,0.1994,1.60432,0.92989,0.33197,-2.51585,-4.58757,-3.1583,-1.54805,-2.83297,-6.41398,-7.85879,-14.07231,-10.25779,-12.55108
325.0,-17.71553,-2.83648,-0.29742,-3.08423,-8.07393,-4.92817,-0.0478,1.50702,0.90309,0.47347,-2.60705,-4.91027,-4.2805,-1.81735,-2.87537,-6.77418,-8.47159,-18.04381,-9.44919,-10.42158
326.0,-17.18013,-2.80338,-0.32502,-2.77023,-8.38643,-4.92947,-0.1866,1.31502,1.00589,0.62037,-2.42745,-6.03437,-4.8633,-2.43805,-3.12367,-7.75598,-9.45219,-14.44221,-10.33259,-11.67288
327.0,-17.09893,-2.66038,-0.11222,-2.75083,-7.63453,-5.11037,-0.5236,1.14222,0.99849,0.56697,-2.52435,-6.08757,-6.1069,-2.82985,-3.72107,-7.51538,-10.45729,-14.58051,-9.10929,-9.98088
328.0,-17.40503,-2.47458,-0.07802,-2.57773,-7.04413,-5.64157,-0.8493,1.03882,1.02069,0.85047,-2.07005,-7.64957,-6.9526,-3.37755,-4.32417,-8.83108,-11.28259,-14.22801,-9.83639,-9.27368
329.0,-17.40493,-2.42558,0.06678,-2.44123,-6.70423,-5.75327,-1.043,0.83162,1.07429,0.68987,-2.43175,-7.90907,-8.968,-3.86665,-4.55397,-9.27338,-11.97019,-16.26211,-10.29019,-10.17078
330.0,-17.41293,-2.30948,0.21808,-2.20163,-6.45153,-5.86097,-1.3804,0.57122,1.07829,0.67687,-2.19855,-8.05947,-8.6159,-4.34295,-5.33947,-9.41098,-12.04349,-12.64901,-9.12259,-9.38208
331.0,-17.13563,-2.17108,0.28918,-2.02963,-6.05213,-6.00847,-1.8924,0.41472,0.85389,0.56967,-2.41385,-8.53537,-9.7402,-4.62385,-5.65787,-10.00838,-11.38859,-12.66041,-9.66069,-8.60318
332.0,-18.14333,-2.07588,0.37338,-1.83483,-5.86593,-6.17587,-2.0899,0.13202,0.96449,0.65927,-2.25185,-8.99037,-10.8831,-5.51825,-6.16097,-10.61038,-9.80549,-10.45581,-8.31699,-9.01088
333.0,-17.53603,-2.01958,0.46318,-1.66823,-5.42013,-6.09567,-2.5745,-0.17578,0.82799,0.51147,-2.44935,-9.28107,-11.5929,-5.74205,-6.79337,-9.71248,-10.08159,-10.38401,-8.30169,-6.48558
334.0,-17.29713,-1.90658,0.49588,-1.55613,-5.29573,-6.44367,-2.7809,-0.51858,0.67959,0.34577,-2.41525,-9.50367,-12.2842,-6.27525,-6.49227,-9.36158,-8.86989,-8.54371,-8.11299,-8.26038
335.0,-17.48893,-1.80938,0.68958,-1.27983,-4.87723,-6.45927,-3.2878,-1.02398,0.51879,0.49297,-2.62385,-9.90097,-12.8148,-6.65815,-7.48907,-8.29308,-8.24449,-7.26911,-9.16389,-7.47258
336.0,-17.66193,-1.67348,0.75818,-1.18363,-4.78783,-6.65897,-3.6809,-1.30028,0.18439,0.12127,-2.91145,-10.16667,-13.1426,-7.19235,-7.52307,-7.79988,-6.92639,-7.55101,-8.90529,-7.60458
337.0,-17.34803,-1.67938,0.80338,-1.07293,-4.29093,-6.93067,-4.178,-1.78938,-0.03831,-0.27493,-2.81545,-9.73597,-12.9536,-7.68745,-7.25167,-7.68738,-6.61359,-5.64591,-7.52799,-7.06748
338.0,-17.11683,-1.48838,0.80298,-0.97023,-4.08653,-6.69547,-4.6862,-2.30688,-0.11841,-0.45373,-3.27525,-9.96147,-13.0354,-8.23525,-6.75827,-6.50328,-6.15269,-5.42881,-6.89649,-7.21018
339.0,-17.39373,-1.52018,0.98088,-0.96673,-3.81143,-6.81247,-5.2543,-2.70848,-0.52461,-1.01723,-3.33015,-10.56867,-13.1192,-7.33915,-6.59517,-5.88448,-5.66199,-4.32731,-7.39749,-7.43528
340.0,-17.36753,-1.41518,1.00318,-0.74343,-3.64703,-6.60297,-5.6619,-3.44278,-1.03051,-1.23633,-3.67825,-11.70587,-12.9851,-7.59385,-6.61157,-4.84718,-5.10179,-3.92021,-6.19939,-7.90178
341.0,-17.31553,-1.32098,1.04698,-0.57653,-3.37903,-6.57027,-6.084,-4.07048,-1.31021,-1.66363,-3.99885,-11.85497,-13.8068,-8.15985,-5.80177,-4.98598,-5.10339,-3.65151,-6.89799,-8.92258
342.0,-17.10603,-1.32798,1.12468,-0.41273,-3.01373,-6.38047,-6.5551,-4.44848,-1.60041,-2.25463,-4.44685,-12.48877,-12.4437,-7.38025,-5.81147,-4.45988,-4.06559,-3.02441,-6.48649,-7.84758
343.0,-17.58903,-1.10828,1.21908,-0.33113,-2.85473,-6.34107,-6.7964,-5.55178,-1.90241,-2.18693,-4.59845,-12.57747,-11.6608,-7.82095,-5.49817,-3.89198,-4.42309,-3.21321,-4.90509,-8.16088
344.0,-16.89073,-1.12148,1.20238,-0.27203,-2.68523,-6.06027,-6.9786,-5.88648,-2.68041,-2.85353,-5.07505,-13.06397,-11.2192,-7.24215,-5.07807,-3.73348,-4.01799,-2.68121,-4.99479,-9.51958
345.0,-16.62373,-1.05548,1.29588,-0.13193,-2.35403,-6.02077,-6.8666,-6.74088,-2.94951,-3.42483,-5.31145,-13.56577,-10.706,-7.22395,-5.66417,-3.60738,-4.04939,-3.26651,-5.23859,-7.87238
346.0,-17.33443,-0.95228,1.30148,-0.04273,-2.20363,-5.59387,-6.9528,-7.55238,-3.39781,-4.08223,-5.62735,-12.23407,-10.4907,-7.26605,-5.70717,-3.79448,-3.97069,-3.14521,-4.72669,-7.72498
347.0,-16.99733,-0.94098,1.33728,0.03107,-1.95993,-5.41527,-7.0508,-8.49928,-4.01731,-4.55633,-5.78095,-10.49577,-9.4912,-7.62185,-5.45027,-3.35518,-4.86969,-2.55281,-4.09429,-7.83558
348.0,-17.65603,-0.88918,1.43798,0.08667,-1.75303,-5.25817,-6.7525,-9.52398,-4.71621,-5.13323,-6.16675,-9.82157,-8.7736,-7.39055,-5.73007,-3.86988,-4.26289,-3.03401,-5.08229,-8.68338
349.0,-17.86193,-0.79848,1.41358,0.26067,-1.65313,-5.04007,-6.5079,-10.78868,-5.58221,-5.21183,-6.11585,-8.19037,-7.627,-6.65895,-5.92247,-4.55238,-5.07839,-3.75291,-5.05049,-8.78798
350.0,-17.51073,-0.80048,1.47978,0.23447,-1.52493,-4.85757,-6.0364,-12.28098,-5.85681,-5.91673,-6.06395,-7.45647,-7.1456,-6.22545,-5.63137,-4.47428,-6.08669,-4.12221,-5.35949,-9.80588
351.0,-17.40203,-0.78158,1.49348,0.26737,-1.29723,-4.35657,-5.7103,-13.82948,-6.48371,-6.28013,-5.56175,-5.90337,-5.9366,-5.95155,-6.06767,-5.29058,-5.79529,-4.59421,-5.88429,-9.84638
352.0,-17.73263,-0.64608,1.59118,0.35967,-1.08503,-4.32027,-5.4821,-15.60808,-7.02881,-6.32593,-5.76255,-5.12067,-5.6333,-5.31585,-5.66027,-4.99328,-6.57789,-5.74601,-5.83449,-10.37498
353.0,-17.13473,-0.69358,1.60108,0.35137,-0.99483,-4.17927,-4.9711,-17.30218,-7.74261,-6.12243,-5.42225,-4.19097,-4.8396,-4.66195,-4.93957,-5.55868,-7.25009,-7.12201,-6.58109,-9.78828
354.0,-17.49403,-0.60248,1.60838,0.39297,-0.83883,-3.97647,-4.5559,-19.69428,-8.02331,-6.35463,-5.19195,-3.85447,-4.4221,-4.53025,-5.10777,-6.69298,-7.86929,-7.05881,-7.45469,-10.37708
355.0,-17.83723,-0.58318,1.64778,0.48647,-0.70583,-3.78197,-4.159,-22.12818,-8.83691,-6.21743,-4.80555,-2.58567,-3.8421,-3.73895,-5.23297,-7.37258,-8.61369,-7.97641,-9.20519,-10.49918
356.0,-17.52083,-0.59308,1.64008,0.51157,-0.61413,-3.61387,-4.1497,-23.41778,-9.03331,-6.02383,-4.97525,-2.51477,-3.5132,-3.25605,-4.59527,-8.52378,-8.70359,-9.89421,-8.26669,-9.41978
357.0,-17.35033,-0.52428,1.69818,0.50807,-0.53583,-3.36307,-3.7279,-26.10238,-9.38671,-6.01633,-4.49515,-2.24377,-2.9322,-2.65585,-4.04947,-7.70848,-9.53039,-10.77201,-8.36719,-9.38808
358.0,-17.30803,-0.56258,1.65178,0.48817,-0.49843,-3.30287,-3.4715,-30.60158,-9.49171,-5.95943,-4.15295,-1.67957,-2.574,-2.39345,-4.35577,-7.95988,-11.47339,-10.47851,-8.93059,-10.31838
359.0,-17.79473,-0.50588,1.65168,0.52007,-0.30363,-3.13597,-3.4622,-32.60428,-9.91051,-5.96133,-4.30035,-1.88177,-2.6868,-2.09395,-4.18387,-7.33668,-10.54459,-11.75151,-9.40289,-7.80698
360.0,-17.46473,-0.54708,1.71648,0.47197,-0.28153,-3.08997,-3.2159,-28.60878,-10.50401,-5.74383,-4.15515,-1.23457,-2.3151,-1.68945,-3.50977,-7.20308,-12.39949,-14.48181,-8.49779,-7.68448
360.0,-15.76283,-0.58158,1.64538,0.52147,-0.65623,-2.52227,-3.3171,-37.31838,-10.36561,-6.24933,-3.83315,-1.39907,-2.3033,-1.98595,-3.82607,-7.37558,-10.35109,-12.36201,-9.24459,-7.52848
