Zenith,Gain(50MHz),Gain(100MHz),Gain(150MHz),Gain(200MHz),Gain(250MHz),Gain(300MHz),Gain(350MHz),Gain(400MHz),Gain(450MHz),Gain(500MHz),Gain(550MHz),Gain(600MHz),Gain(650MHz),Gain(700MHz),Gain(750MHz),Gain(800MHz),Gain(850MHz),Gain(900MHz),Gain(950MHz),Gain(1000MHz),Phase(50MHz),Phase(100MHz),Phase(150MHz),Phase(200MHz),Phase(250MHz),Phase(300MHz),Phase(350MHz),Phase(400MHz),Phase(450MHz),Phase(500MHz),Phase(550MHz),Phase(600MHz),Phase(650MHz),Phase(700MHz),Phase(750MHz),Phase(800MHz),Phase(850MHz),Phase(900MHz),Phase(950MHz),Phase(1000MHz)
0,-15.8,-16.2,-44.1,-43.6,-27.7,-26.7,-28.3,-31.9,-38.9,-34.6,-37.2,-31.4,-35.1,-30.5,-32.7,-30.4,-29.7,-26.9,-26.4,-26.8,-6.22439,25.1655,79.1722,121.5,-11.6576,-55.1668,151.094,171.25,70.2367,103.731,23.9781,-36.72,25.7396,-44.2863,-43.2157,-127.864,-63.1318,-96.2871,-161.071,154.615
1,-15.5,-16.4,-39.8,-35.3,-27.0,-26.1,-29.3,-33.5,-50.0,-37.1,-36.6,-37.2,-38.5,-44.4,-33.0,-31.2,-46.0,-29.2,-29.6,-51.6,-7.192326307179586,24.2947,80.23463388230815,121.13446776461629,-11.109307346410207,-56.694792653589786,149.78274122871835,169.798,71.13882653589793,102.63544407846123,24.958410640259046,-36.477823686155034,27.229692653589794,-44.44600899333463,-42.96666447076744,-128.98928980384687,-63.29014857512855,-94.86164572538566,-160.28300658769766,153.10944407846125
2,-15.5,-16.5,-36.4,-33.8,-26.6,-25.5,-28.2,-32.8,-37.3,-27.4,-38.5,-38.5,-38.5,-30.7,-35.7,-39.1,-42.2,-26.3,-39.0,-31.0,-8.623395307179585,24.140607346410206,81.75540000000001,121.51461184307752,-11.312633267948964,-55.56221469282041,150.65766611769186,169.45759924128743,69.9235175425633,103.72203673205104,25.530188601028414,-37.63918860102842,27.082961621024538,-44.3036998038469,-43.863399803846896,-130.49708695410402,-62.81737796076938,-95.38281184307752,-160.69174901923446,153.62894167282428
3,-15.0,-16.5,-38.2,-37.7,-26.0,-23.7,-31.7,-26.5,-35.0,-33.3,-42.9,-33.4,-27.6,-35.4,-35.0,-28.3,-28.0,-29.5,-42.0,-24.3,-8.421905307179586,23.661607346410207,82.89770734641021,122.70053388230814,-10.565132653589792,-54.98469265358979,150.9726727053895,170.09882128051802,69.8687812546182,103.77203673205103,26.529337176156986,-38.77974452256717,25.896932235383716,-45.23078125461822,-42.90833717615698,-129.91422982974677,-63.57549430051421,-96.803036954104,-159.3937461694916,155.08741513692632
4,-15.8,-16.3,-37.4,-29.9,-24.7,-22.2,-27.2,-28.1,-37.4,-34.6,-29.5,-41.5,-24.1,-31.7,-26.5,-27.2,-25.4,-23.2,-23.8,-30.5,-8.222445307179587,24.079514692820414,83.0789,123.82231184307751,-10.8999,-55.636870614359175,151.04448739820992,169.047821280518,70.351813045896,105.0909248889735,27.7102938564083,-39.893294300514206,25.14999835307559,-45.723882457436716,-41.98552248333658,-130.8802857512855,-62.61971633974483,-96.86823552923255,-159.76880064025903,156.49526491487336
5,-15.7,-16.4,-33.1,-29.3,-22.8,-22.7,-26.4,-25.5,-32.9,-28.1,-28.8,-33.6,-30.7,-27.7,-27.1,-24.5,-24.5,-24.0,-23.0,-22.5,-9.540465307179586,23.949707346410207,84.30409265358979,124.0220824574367,-11.080345307179586,-56.139992653589786,150.44530209103036,169.68585801256904,71.39211513692635,105.0253388230814,29.12203508512664,-41.237806143591726,24.18262773871642,-44.773632679489694,-41.372188601028455,-130.86885186897734,-61.09755756846317,-95.60699715025711,-158.69397390820802,156.78258860102838
6,-14.9,-16.1,-32.8,-28.4,-22.6,-21.8,-25.9,-24.8,-29.3,-25.2,-28.8,-27.6,-25.2,-25.2,-28.7,-23.5,-18.9,-20.2,-22.6,-26.0,-9.566585307179587,23.152622039230618,83.41625877128168,122.7073824574367,-10.920845307179587,-55.60117796076938,151.46893147667117,171.03085801256904,72.13448575128552,105.25814692820413,28.781293856408297,-40.022003293848826,24.76677631384497,-43.49818860102843,-41.73704002589989,-130.5240004441059,-61.114506143591726,-96.49059145077132,-157.7773445225672,155.46266941154067
7,-15.3,-16.7,-32.5,-28.4,-22.3,-20.8,-25.5,-23.4,-24.3,-23.8,-28.0,-26.2,-28.2,-26.6,-22.1,-23.0,-17.4,-21.0,-22.6,-20.6,-10.591927960769379,24.707614692820414,83.65766611769187,123.57796776461629,-11.194762653589793,-56.92787061435917,150.1247461694916,169.75145066615883,71.99644901923449,106.41896162102452,29.088923242049106,-40.30096656179779,25.403761621024557,-44.26904002589988,-43.16281798666925,-129.64216656179775,-62.40591349000193,-95.78802083641214,-158.9822547187203,154.67422267948965
8,-15.4,-15.9,-33.7,-26.8,-21.6,-20.4,-23.8,-21.1,-23.9,-21.9,-24.6,-28.0,-26.6,-26.1,-22.3,-20.2,-21.7,-19.7,-25.1,-23.2,-10.570765307179586,25.09852203923062,84.95885142487145,123.20716041820606,-10.358155307179587,-56.980377960769374,151.3343388230814,170.58048739820987,71.05726371205489,106.37514692820412,29.95884977794705,-40.80055921538758,26.142468967434766,-44.30385471872029,-44.108225333079474,-128.91052248333648,-61.18539145077132,-94.78370614359173,-158.93236656179778,154.70394267948964
9,-15.2,-16.1,-32.0,-25.7,-20.9,-18.8,-24.0,-19.8,-23.5,-24.3,-24.7,-24.4,-23.3,-25.5,-23.0,-18.7,-19.3,-19.9,-18.4,-19.9,-11.97589796076938,25.445114692820415,86.22671469282042,124.14006776461626,-9.219792653589792,-57.89036326794897,150.147560862312,170.77748739820987,72.1926710584651,105.83914692820412,30.86470120281851,-41.04452248333655,26.711627738716416,-44.896447372310064,-44.24444737231009,-130.24770044410587,-60.175342875642755,-94.65314737231006,-158.71550329384883,155.8682153330794
10,-15.2,-16.4,-31.8,-25.0,-20.1,-19.4,-22.2,-20.0,-26.2,-23.8,-21.8,-30.2,-22.3,-22.1,-19.1,-19.7,-19.6,-17.0,-16.7,-20.8,-11.264065307179585,25.09812203923062,87.38525877128167,123.01127511102648,-8.986492653589792,-57.85335592153876,149.45837555513242,172.03748739820986,71.92607840487531,104.98473958179392,30.59110854922875,-42.2369665617978,26.37403508512662,-46.34200329384882,-45.66922533307947,-131.2593371761569,-60.64430614359172,-95.33861756846316,-159.97268798666923,156.12969471872023
11,-15.0,-16.5,-32.3,-25.1,-19.2,-18.1,-20.9,-18.4,-23.2,-21.2,-23.4,-27.2,-22.1,-21.2,-20.8,-17.9,-17.6,-15.7,-16.7,-16.6,-10.176645307179587,24.853329385640826,87.38885142487146,121.77128245743667,-8.097642653589794,-57.44816326794897,150.25478290154263,171.14948739820986,70.91026371205493,105.35636896743473,30.150071817177718,-43.00596656179778,27.78584977794702,-45.570595947438605,-44.18581798666925,-132.20932248333648,-60.12813552923255,-94.77200614359171,-160.80886329384882,155.12511002589983
12,-15.2,-16.4,-30.3,-24.2,-18.8,-17.6,-20.4,-17.9,-20.7,-20.5,-20.9,-23.1,-21.9,-21.0,-19.3,-16.9,-15.8,-16.2,-16.5,-15.7,-10.000365307179585,25.15582938564083,88.59807346410207,122.29468980384688,-9.641825307179586,-57.61116326794897,149.14519024795285,171.9098947446201,69.89607840487531,104.3165542746143,30.37870120281852,-43.3191886010284,26.30129385640828,-46.40700329384882,-45.05844737231007,-131.6724224833365,-59.057642875642756,-95.06009879718151,-161.6052959474386,156.2828879866692
13,-14.7,-16.2,-30.1,-22.5,-18.9,-17.0,-20.1,-16.3,-20.6,-19.6,-20.4,-27.5,-20.0,-20.2,-18.4,-17.6,-17.5,-16.6,-17.8,-14.2,-8.812812653589793,23.72392938564083,87.51407346410208,122.41507511102645,-8.492982653589793,-58.33996326794896,148.76619024795286,170.8533020910303,69.73548575128555,105.4959616210245,29.949923242049152,-44.37292982974677,25.206479163587858,-45.58622533307944,-45.96463267948967,-133.1316930976957,-58.220042875642754,-94.62739879718151,-160.96865921538756,157.0651779866692
14,-15.0,-16.1,-29.2,-23.0,-18.2,-16.8,-19.1,-17.0,-20.2,-19.0,-20.3,-21.8,-19.6,-17.4,-18.0,-13.9,-15.1,-13.6,-13.7,-13.6,-7.845882653589793,24.064736732051035,88.39766611769187,123.94857511102646,-9.466905307179587,-58.82925592153876,147.72419024795283,171.8028947446201,68.63648575128553,104.57796162102453,29.11851589563892,-43.58737390820801,26.501257124357238,-45.11741064025904,-45.48344737231007,-131.92947840487528,-59.58480614359172,-93.64619145077128,-162.10637390820798,158.0863779866692
15,-15.3,-16.3,-28.4,-22.5,-17.5,-16.4,-18.8,-15.3,-18.7,-18.6,-21.5,-21.3,-18.4,-17.2,-16.6,-15.0,-14.5,-16.3,-12.5,-12.8,-6.2783126535897935,24.994936732051034,88.21544407846125,122.67707511102645,-8.941815307179587,-58.08095592153876,147.35459759436307,172.47048739820985,68.08489309769575,103.83833882308133,28.899515895638928,-43.7805592153876,26.716071817177664,-45.35841064025904,-46.63544737231007,-131.2551151369263,-60.51562083641213,-94.12966941154068,-162.0594812546182,158.6086026794896
16,-15.2,-16.6,-29.2,-20.6,-17.4,-15.6,-17.9,-15.4,-19.6,-18.5,-19.9,-21.5,-20.5,-15.8,-15.7,-14.5,-13.4,-13.4,-13.6,-12.7,-7.385782653589793,24.402836732051032,88.08807346410208,121.36316776461625,-8.325235307179586,-56.972555921538756,146.66241228718349,172.16770943744046,69.27189309769577,103.7069616210245,28.400330588459326,-45.32037390820801,25.276849777947035,-43.91559594743862,-47.07904002589986,-130.9792930976957,-60.20132083641213,-95.14956941154067,-160.83377390820797,158.6226959474386
17,-15.1,-16.4,-28.1,-21.3,-17.0,-15.3,-17.7,-15.6,-17.6,-17.1,-20.7,-22.3,-17.9,-17.0,-15.8,-13.8,-13.3,-12.0,-11.7,-11.4,-6.628737307179586,24.57824407846124,88.35707346410207,122.65746776461626,-9.830045307179587,-56.00675592153876,147.21881963359368,172.57670943744046,70.32507840487534,104.93596162102449,28.894515895638932,-44.883744522567184,24.388257124357224,-43.41059594743862,-48.36963267948964,-132.01170779051608,-59.237998797181504,-96.17096941154067,-159.6577812546182,159.18711267948962
18,-15.1,-16.5,-27.8,-19.8,-15.8,-15.0,-16.3,-15.0,-16.1,-16.5,-18.1,-21.2,-16.9,-13.8,-13.9,-12.8,-12.0,-12.7,-13.8,-11.7,-7.568222653589793,24.207244078461244,88.50248081051228,123.49896776461625,-8.29770796076938,-55.436355921538755,145.8356343264141,174.04270943744046,71.84430044410598,104.7673689674347,29.88533058845934,-45.360373908208004,23.66288650999806,-42.1881886010284,-48.55663267948964,-131.18160779051607,-60.13979879718151,-95.59207675795088,-159.9721665617978,160.63613737231
19,-14.9,-16.2,-26.7,-19.8,-16.3,-14.8,-16.9,-14.2,-17.1,-17.4,-19.0,-20.1,-16.6,-15.4,-14.4,-12.7,-13.0,-12.1,-12.0,-11.7,-8.697765307179587,24.436251424871447,88.36525877128167,123.28047511102646,-8.627025307179586,-55.10215592153876,147.3228196335937,173.21470943744046,71.75267105846513,103.64977631384491,29.017552627689952,-44.36215186897738,22.180071817177662,-42.43059594743863,-48.65100329384882,-130.38548575128544,-58.734684104361094,-94.70856206513048,-159.22446656179778,161.83644737231
20,-14.5,-16.5,-26.2,-19.4,-15.5,-14.0,-15.7,-13.9,-16.1,-16.4,-18.0,-21.0,-17.9,-14.4,-14.3,-12.3,-12.7,-11.1,-10.8,-12.4,-7.3375526535897935,23.013751424871447,88.48107346410208,123.20427511102646,-7.752577960769379,-53.65045592153876,148.41502698000392,174.29270943744046,71.12389309769577,104.95336896743471,28.330145281279755,-43.297559215387594,23.46347916358785,-41.647781254618224,-48.207632679489635,-130.86697840487523,-58.485291450771314,-94.43226206513047,-159.29296656179778,162.92355471872023
21,-15.1,-16.7,-26.5,-19.4,-15.4,-13.8,-15.5,-13.3,-15.1,-16.9,-17.9,-18.9,-15.4,-14.7,-14.9,-11.9,-11.0,-11.3,-10.9,-11.1,-8.090482653589792,21.869258771281658,87.8264808105123,122.75457511102645,-7.52109796076938,-53.92586326794897,147.6905269800039,175.58611678385068,71.50448575128553,103.98896162102452,28.510737934869525,-42.560744522567205,23.208479163587853,-42.71900329384884,-48.27400329384882,-132.39318575128544,-58.706913490001945,-94.98405471872026,-157.9459812546182,161.4992926794896
22,-15.2,-16.8,-26.5,-18.9,-15.0,-13.6,-15.2,-13.6,-16.1,-15.9,-17.2,-19.1,-16.1,-13.4,-14.3,-12.9,-11.9,-10.8,-10.9,-10.2,-6.649020307179586,23.351158771281654,89.26366611769187,122.43306776461625,-7.013542307179586,-53.91194857512855,148.7912269800039,175.06711678385068,73.00148575128554,102.90136896743469,28.20833058845932,-42.94615186897741,24.063071817177644,-42.73478125461821,-48.39604002589985,-130.9115930976957,-59.53207675795092,-94.72445471872027,-157.5174812546182,161.17704737231
23,-15.2,-16.7,-25.7,-18.1,-14.6,-12.9,-14.5,-12.5,-15.3,-14.9,-16.1,-17.2,-16.5,-15.7,-14.1,-11.1,-11.7,-10.6,-9.3,-10.3,-5.389942653589793,22.913666117691864,88.64507346410208,121.04087511102645,-5.500759307179586,-53.57225592153876,150.0095269800039,176.04211678385067,74.47067105846514,104.21933882308133,29.034330588459312,-44.23870779051617,24.566479163587857,-42.180003293848856,-48.81441064025904,-131.56168575128544,-59.04409879718153,-95.49044737231004,-156.6102665617978,160.54185471872023
24,-15.4,-16.7,-26.5,-18.5,-14.5,-13.4,-14.5,-11.8,-14.9,-14.2,-16.1,-17.1,-15.0,-13.5,-12.9,-12.4,-11.1,-9.2,-8.6,-8.6,-6.722075307179586,23.45956611769186,88.19707346410208,119.64537511102645,-5.306847960769379,-55.09304857512855,149.95473432641413,177.54070943744046,75.37107840487536,105.31936896743471,29.20414528127972,-42.76892982974678,25.162257124357225,-43.645781254618214,-50.26059594743863,-132.49295636564466,-59.24680614359174,-94.41296206513044,-157.0697518689774,161.88140002589984
25,-15.2,-16.7,-27.8,-17.7,-14.5,-12.8,-14.1,-11.5,-14.1,-13.9,-15.7,-16.5,-15.0,-13.7,-13.1,-10.4,-10.9,-10.3,-8.2,-8.8,-7.6441253071795865,22.863073464102072,86.99107346410207,120.34088245743666,-5.940658307179586,-54.054955921538756,150.10613432641412,177.20011678385066,76.68207840487534,104.74574616949155,29.430115136926332,-42.960522483336575,26.67766447076744,-44.16537390820801,-50.806410640259045,-131.31177840487527,-57.696006143591745,-93.72504737231004,-156.51045186897738,160.51566941154067
26,-15.6,-16.6,-25.5,-16.7,-13.9,-12.7,-13.3,-11.9,-14.3,-14.3,-15.3,-16.3,-15.2,-13.2,-13.2,-12.0,-9.2,-9.3,-8.5,-8.6,-6.287235247179586,21.895480810512282,87.71166611769188,119.02408245743666,-5.3763279607693795,-55.33474857512856,151.23742698000393,177.47611678385067,76.67967105846515,105.23233882308134,28.044923242049066,-42.822151868977414,27.24584977794703,-44.265373908208005,-50.630003293848816,-130.57526371205486,-57.23400614359174,-92.68002533307941,-155.40612982974676,161.85935471872025
27,-15.2,-16.9,-25.5,-17.2,-13.6,-12.3,-12.6,-11.0,-13.7,-13.5,-15.1,-16.2,-15.2,-13.5,-13.0,-12.0,-10.9,-9.6,-9.8,-8.6,-5.546636307179586,21.16768815692248,87.5998881569225,118.24738980384687,-6.6890379607693795,-54.05924857512855,151.05223432641412,175.98511678385069,77.11507840487536,106.2883689674347,29.18914528127968,-42.396337176157004,26.764071817177637,-44.082781254618226,-51.84741064025904,-130.81737840487529,-56.04477675795091,-92.91655471872022,-154.08094452256717,162.2644620651305
28,-15.3,-16.7,-24.9,-16.7,-14.0,-11.9,-12.4,-10.7,-12.5,-13.3,-15.0,-15.0,-14.7,-13.1,-12.3,-11.2,-9.2,-9.3,-7.7,-8.2,-4.103504653589793,21.041488156922483,87.0212955033327,119.31568980384687,-6.003073307179586,-53.97814857512855,152.1538269800039,175.8675241302609,77.46107840487534,105.93733882308132,30.09333058845928,-41.021929829746796,26.980071817177645,-45.48837390820802,-52.55200329384883,-130.10087105846503,-56.729898797181534,-93.85602533307942,-155.24983717615694,163.05077675795087
29,-15.6,-17.1,-24.9,-16.8,-13.3,-11.9,-12.5,-10.4,-12.9,-12.7,-13.5,-15.4,-13.0,-12.6,-12.0,-10.7,-9.8,-9.2,-9.2,-7.1,-3.7216353071795862,21.069195503332686,87.14048081051229,117.82628980384686,-6.981927960769379,-54.21444857512856,152.50613432641413,176.1995241302609,77.90707840487536,105.67133882308133,28.591737934869485,-41.6487445225672,26.86566447076744,-44.264373908208,-53.9565959474386,-128.55737105846504,-55.85247675795091,-95.05643267948963,-154.68423717615696,162.1969620651305
30,-15.4,-17.0,-24.6,-15.9,-13.0,-11.5,-12.1,-10.1,-11.7,-12.2,-15.3,-14.5,-14.6,-13.6,-11.5,-10.5,-9.7,-9.4,-8.3,-8.0,-2.4066286535897934,21.761295503332683,87.2734808105123,118.12128980384686,-6.028487960769379,-53.00114857512855,151.37064167282435,175.26852413026091,76.41348575128558,106.60433882308132,28.042115136926327,-41.346929829746784,26.742257124357252,-45.138373908207996,-52.72318860102838,-127.91926371205483,-56.52428410436113,-95.96511064025901,-155.07992248333653,163.28486206513048
31,-15.4,-16.9,-24.4,-16.3,-12.8,-11.1,-11.7,-9.9,-11.5,-12.4,-14.2,-14.2,-13.0,-13.0,-11.7,-11.1,-9.5,-7.9,-8.1,-7.5,-2.105755307179586,20.907002849742895,88.4968881569225,116.78198980384687,-5.95380796076938,-51.987955921538756,152.45244167282436,174.2829314766711,77.94567105846517,106.54793147667112,28.887552627689928,-42.646337176157004,27.99707181717764,-45.23178125461823,-52.7695959474386,-128.39926371205485,-55.35807675795091,-97.33030329384879,-153.88054452256716,164.28606206513047
32,-15.5,-17.3,-23.6,-16.0,-12.5,-11.3,-12.0,-9.4,-11.5,-12.0,-14.3,-14.2,-13.5,-13.4,-12.1,-11.5,-8.9,-9.1,-7.1,-7.1,-2.225957653589793,20.47531019615309,87.82866611769187,116.26808980384686,-6.1916879607693796,-51.11024857512855,152.17744167282433,174.0369314766711,76.45207840487538,105.12133882308132,29.25114528127972,-42.0699298297468,28.26925712435724,-44.98755921538759,-54.33318860102838,-128.72326371205483,-55.87966941154069,-97.49411064025901,-153.23162982974677,165.81555471872025
33,-15.5,-16.8,-23.3,-15.6,-12.5,-11.1,-11.3,-9.6,-11.7,-12.1,-14.6,-13.9,-12.0,-12.8,-12.0,-10.6,-9.2,-9.1,-7.4,-7.9,-2.308505307179586,20.09391019615309,86.3698881569225,116.97218980384686,-6.510647960769379,-51.66154857512855,152.26724167282435,175.0279314766711,75.3994857512856,103.99815351590178,27.977522483336543,-40.98474452256718,27.604664470767446,-46.29055921538759,-53.870781254618166,-129.78656371205483,-56.03146206513047,-96.73488860102839,-153.53543717615696,167.2619767579509
34,-15.4,-16.8,-23.3,-15.2,-12.0,-10.3,-11.1,-9.2,-10.5,-11.6,-14.2,-14.1,-11.5,-12.3,-11.5,-10.8,-9.2,-7.1,-7.4,-7.4,-0.9196053071795864,18.662917542563292,86.7384808105123,115.50799715025707,-5.3393279607693795,-51.79164857512855,153.58364167282434,175.2359314766711,74.592300444106,102.67974616949155,29.306115136926337,-41.80133717615698,26.98466447076744,-45.26037390820801,-52.471781254618165,-129.84096371205482,-57.08286206513047,-96.9119032938488,-153.27862982974676,168.04996941154067
35,-15.2,-16.7,-22.4,-15.4,-11.9,-10.3,-10.7,-8.7,-10.7,-11.5,-13.2,-13.4,-12.2,-12.5,-11.3,-9.8,-8.6,-9.6,-7.5,-6.9,-1.669652653589793,18.588517542563295,85.8932955033327,116.66339715025707,-4.032307960769379,-50.49884857512855,153.78194167282436,174.94693147667112,74.64048575128561,102.99074616949156,27.809552627689925,-41.13392982974676,27.56807181717764,-44.552781254618225,-53.05678125461817,-130.35985636564462,-57.35816206513047,-98.15158860102838,-152.65281513692634,168.14896941154066
36,-15.6,-16.8,-23.1,-14.6,-11.9,-10.3,-10.8,-9.0,-10.1,-11.7,-13.1,-13.9,-11.8,-13.0,-11.7,-10.1,-8.6,-8.1,-7.7,-6.6,-0.5126553071795863,18.632224888973496,86.71707346410209,116.17119715025707,-2.6686953071795863,-49.60064857512855,154.90634167282434,175.11493147667113,74.75089309769581,104.41674616949155,27.519552627689933,-40.43674452256715,28.926071817177643,-43.634373908208005,-51.825003293848795,-130.59146371205483,-55.911362065130476,-98.74780329384879,-153.83632248333657,169.25318410436108
37,-15.0,-16.7,-22.2,-14.8,-11.8,-10.2,-10.3,-8.3,-9.7,-10.2,-13.4,-12.5,-11.3,-11.9,-10.8,-8.8,-9.4,-8.9,-6.5,-7.5,-0.3286426535897933,19.299432235383705,87.1848881569225,117.22698980384686,-2.9637179607693795,-49.48394857512855,154.3649490192346,174.43233882308132,74.0614857512856,104.81974616949154,27.96311513692632,-41.71952248333653,28.94666447076746,-42.0999665617978,-50.662595947438575,-129.85866371205483,-55.01206941154069,-98.03557390820795,-152.82312248333656,169.13488410436108
38,-15.0,-16.9,-22.1,-14.3,-11.6,-9.9,-10.0,-8.1,-9.7,-10.2,-13.1,-11.7,-11.6,-12.7,-11.3,-9.7,-9.4,-7.6,-7.6,-6.6,0.31677469282041404,20.868132235383698,87.60548081051229,117.09269715025707,-2.4203579607693797,-49.21424857512855,153.46454901923457,175.62733882308135,75.45589309769582,104.75015351590176,28.801552627689944,-41.35792982974675,29.374257124357257,-42.11318860102841,-51.47759594743857,-131.16204167282422,-55.46316941154069,-98.06018860102836,-153.63192248333658,170.14147675795084
39,-15.2,-16.9,-22.4,-14.5,-11.4,-9.9,-9.7,-7.8,-9.7,-10.0,-12.9,-11.9,-12.5,-12.5,-9.7,-9.3,-9.4,-8.7,-6.1,-7.4,-0.27592530717958663,20.063932235383703,87.4664808105123,116.11009715025706,-3.694777960769379,-48.28594857512855,153.04554901923456,176.69033882308133,75.56989309769583,105.36715351590178,28.663115136926336,-40.99911513692635,29.74307181717765,-41.942373908208,-50.77359594743858,-130.57304167282422,-56.93725471872028,-98.18158860102835,-152.90751513692635,168.99519145077124
40,-15.0,-16.6,-22.2,-14.0,-11.2,-9.5,-9.5,-7.9,-9.2,-10.1,-12.8,-12.1,-11.0,-11.9,-10.3,-9.5,-8.3,-8.9,-7.8,-5.6,-1.6723253071795865,20.119246928204113,87.0508881569225,116.87689715025707,-4.834830614359173,-49.13024857512855,154.37214901923457,177.60433882308132,76.6778930976958,106.05215351590178,29.984115136926334,-40.88892982974676,28.973664470767446,-43.16537390820801,-50.713188601028364,-129.15644901923443,-57.912647372310076,-99.43307390820794,-151.71230779051615,169.02259879718147
41,-15.3,-16.4,-21.5,-14.1,-11.0,-9.4,-9.6,-7.5,-9.2,-9.2,-11.5,-10.9,-11.2,-12.1,-10.8,-10.0,-8.6,-6.9,-6.6,-6.0,-2.684687960769379,19.37634692820412,85.8954808105123,117.34378980384686,-3.7437106143591716,-47.57924857512855,155.77804901923457,177.22533882308133,75.4578930976958,104.59374616949154,31.304115136926328,-39.86592982974676,29.68907181717765,-44.71078125461821,-49.86118860102836,-127.92844901923442,-58.72633267948966,-100.06186656179773,-150.27890779051614,169.72299145077125
42,-15.2,-16.8,-22.5,-14.1,-11.1,-9.4,-8.8,-7.3,-8.8,-9.0,-11.7,-10.5,-10.5,-11.6,-10.8,-10.0,-9.8,-7.6,-6.7,-5.9,-2.594247960769379,18.202254274614333,87.1228881569225,116.22609715025706,-2.78106796076938,-47.02624857512855,156.11244901923456,176.55074616949156,75.08330044410604,105.255560862312,32.3897077905161,-39.24792982974677,29.196071817177653,-45.34596656179781,-51.189595947438576,-128.79485636564465,-57.86064002589988,-100.92236656179773,-151.16290779051613,168.37010614359167
43,-15.5,-16.7,-21.3,-13.6,-10.6,-9.0,-8.7,-7.4,-8.8,-9.2,-11.4,-10.9,-10.0,-12.2,-10.0,-10.0,-9.4,-7.9,-6.9,-6.0,-2.845900614359172,18.180461621024534,86.0938881569225,117.10970449666728,-1.9233479607693793,-46.71344857512855,154.65625636564477,177.98233882308134,75.68070779051624,104.08056086231198,31.94170779051612,-39.34333717615698,29.316479163587857,-45.860188601028455,-51.51178125461817,-129.10785636564464,-58.66995471872029,-101.04036656179774,-152.46010779051613,169.93300614359168
44,-15.0,-16.7,-21.9,-13.5,-10.6,-9.1,-8.7,-7.0,-8.3,-8.8,-11.6,-10.6,-11.2,-10.9,-10.1,-11.0,-9.2,-7.3,-8.1,-6.4,-2.419470614359172,19.597161621024526,87.5568881569225,117.14989715025706,-0.9385679607693795,-45.57584857512855,154.46065636564478,178.38133882308134,74.26030044410604,104.27456086231197,32.5627077905161,-40.15692982974676,29.282071817177638,-45.25437390820804,-52.69718860102839,-128.26644901923441,-59.05522533307948,-101.08805921538752,-153.1744004441059,171.39099879718145
45,-15.2,-16.8,-21.6,-13.5,-10.6,-8.7,-8.5,-6.9,-8.5,-8.5,-11.5,-10.0,-10.2,-11.3,-10.9,-10.3,-9.3,-7.6,-7.4,-6.7,-1.8477706143591721,19.920268967434737,88.13166611769188,118.37909715025707,-1.1200579607693797,-44.39314857512855,154.4851563656448,179.51033882308133,72.86770779051625,105.48796820872221,31.016707790516108,-39.33392982974675,28.223664470767446,-44.75818860102845,-53.735373908207976,-129.51485636564465,-57.94822533307948,-100.87627390820792,-152.1070930976957,171.43379879718145
46,-15.4,-17.0,-21.8,-13.3,-10.5,-8.8,-8.2,-6.6,-8.3,-8.5,-11.2,-10.3,-10.0,-10.9,-10.3,-10.3,-9.6,-7.7,-6.5,-5.8,-2.602563267948966,19.868076313844938,88.81807346410207,117.80249715025707,0.2181220392306198,-42.85945592153875,153.56186371205501,178.12574616949155,74.12570779051626,103.97096820872221,31.893145281279715,-39.91592982974677,27.234071817177664,-44.028595947438674,-54.82159594743861,-130.38804167282422,-58.745132679489686,-100.20715921538752,-153.3108930976957,170.35991349000187
47,-15.0,-16.9,-20.8,-12.9,-10.0,-8.4,-8.3,-6.6,-8.1,-8.1,-11.4,-9.6,-9.4,-10.6,-11.0,-9.6,-9.1,-8.9,-5.8,-6.4,-3.9824632679489653,20.66777631384494,88.07207346410209,118.71689715025707,0.7486220392306215,-41.921555921538754,154.099963712055,178.46274616949154,73.14170779051625,102.98796820872221,31.470115136926324,-39.806929829746764,28.000886509998054,-42.711781254618245,-55.4077812546182,-128.96626371205485,-60.17141064025907,-99.2594371761569,-154.3535784048753,171.37959879718144
48,-15.3,-16.6,-20.1,-12.8,-10.0,-8.2,-7.7,-6.3,-7.5,-8.0,-10.4,-9.3,-9.7,-10.7,-10.0,-10.4,-10.0,-9.0,-7.2,-6.2,-2.9807632679489657,20.896883660255142,89.62766611769187,117.61349715025707,-0.11226796076937973,-41.79835592153876,154.126663712055,176.89445351590177,74.13370779051624,102.36337555513242,31.256145281279714,-38.27792982974677,26.53388650999807,-42.06059594743866,-54.91178125461819,-130.12904167282423,-59.85322533307948,-97.91696656179774,-154.56197840487528,170.54312083641207
49,-15.3,-16.8,-20.9,-13.0,-9.9,-8.3,-7.9,-6.1,-7.6,-7.6,-10.7,-9.4,-9.6,-10.0,-11.2,-9.5,-9.9,-7.8,-7.0,-7.0,-2.4612559215387577,20.27059100666534,89.94407346410208,117.11270449666728,-1.0992706143591722,-42.14604857512855,155.64586371205502,175.54415351590177,75.59870779051624,100.96478290154263,32.1641452812797,-39.06792982974676,27.603071817177664,-42.25759594743866,-55.11018860102841,-128.72844901923446,-58.676340025899876,-96.49265921538752,-153.9563857512855,171.74272818282228
50,-14.8,-16.4,-20.6,-12.6,-9.5,-8.1,-7.6,-6.1,-7.4,-7.5,-10.4,-9.6,-9.4,-9.7,-10.6,-11.0,-9.0,-8.3,-7.0,-6.4,-2.684155921538757,21.661591006665347,90.25266611769187,118.05089715025707,-0.3757706143591726,-43.01734857512855,156.608463712055,174.382960862312,74.31111513692647,101.89778290154263,30.694115136926314,-38.41892982974676,26.08247916358785,-41.88600329384887,-55.633003293848816,-128.66285636564467,-57.236140025899886,-96.64645921538751,-154.9597784048753,170.2168428756427
51,-15.6,-16.4,-20.5,-12.5,-9.6,-8.0,-7.5,-6.0,-6.9,-7.2,-10.2,-9.1,-8.9,-9.1,-11.0,-10.3,-9.2,-8.1,-7.2,-7.5,-2.8379559215387573,20.250998353075545,91.55007346410207,117.02940449666727,-1.547070614359173,-44.23764857512855,158.126363712055,174.53516086231198,73.91011513692646,103.30537555513243,30.419115136926337,-38.181929829746764,25.581479163587844,-40.67800329384889,-56.90400329384882,-129.45544901923444,-55.69722533307947,-97.2175518689773,-155.84457105846508,169.8039355292325
52,-15.5,-16.2,-20.2,-12.7,-9.3,-7.9,-7.3,-5.8,-6.9,-7.1,-9.6,-8.5,-8.8,-9.5,-10.6,-10.8,-11.0,-8.1,-7.0,-6.9,-2.70074857512855,19.34481304589596,90.39607346410207,118.53819715025706,-2.8901632679489655,-44.601041228718344,158.887663712055,175.08356086231197,72.65352248333667,104.3303755551324,30.279522483336535,-36.985929829746766,26.967479163587868,-40.474410640259094,-55.72318860102841,-129.82785636564466,-55.785632679489694,-98.63943717615689,-156.90416371205487,170.30103552923248
53,-14.9,-16.7,-20.6,-12.4,-9.5,-7.8,-7.2,-5.8,-6.9,-7.3,-9.2,-8.6,-8.6,-9.4,-10.2,-11.7,-10.1,-8.4,-8.1,-7.4,-1.8937485751285514,18.619813045895967,89.60607346410208,120.08749715025706,-3.388763267948965,-45.131441228718344,159.518863712055,174.73166086231197,73.30352248333668,103.52678290154265,29.75711513692633,-35.931929829746764,26.72147916358786,-39.0294106402591,-56.07059594743863,-130.42244901923445,-54.282632679489694,-99.0551518689773,-156.35897105846507,168.7993281828223
54,-15.1,-16.4,-20.2,-12.2,-9.3,-7.8,-7.1,-5.6,-6.8,-7.1,-9.6,-8.1,-8.8,-8.9,-10.2,-11.2,-9.8,-9.5,-7.5,-7.2,-1.5016559215387595,17.333627738716373,88.55907346410208,119.58889715025707,-4.035663267948966,-44.868841228718345,160.431163712055,175.855160862312,74.34752248333669,104.17478290154264,28.598522483336552,-36.112337176156984,27.111886509998044,-38.018410640259106,-57.474188601028416,-130.75476371205485,-52.960040025899914,-99.3750371761569,-154.79095636564466,169.8135355292325
55,-15.0,-16.1,-20.3,-11.8,-9.1,-7.8,-7.0,-5.4,-6.6,-6.5,-9.0,-8.1,-8.5,-9.4,-10.4,-12.8,-10.2,-9.2,-8.7,-8.2,-0.38704857512855284,18.128627738716375,89.52407346410209,120.64369715025707,-2.6233632679489656,-43.96594122871835,161.208163712055,174.84966086231196,73.48452248333669,102.89819024795284,28.267522483336535,-35.77492982974675,26.415886509998046,-37.61222533307951,-58.18159594743864,-131.39944901923445,-53.86981798666929,-100.25113717615689,-155.2772637120549,169.6037428756427
56,-15.1,-16.2,-19.7,-12.0,-9.1,-7.6,-6.7,-5.5,-6.2,-6.5,-8.5,-7.4,-8.7,-8.5,-9.9,-11.0,-10.1,-9.1,-8.3,-7.1,-0.911241228718346,19.503627738716375,89.72607346410209,122.10428980384687,-2.9439632679489662,-45.104241228718344,160.73386371205498,174.5851682087222,74.72652248333668,103.64119024795286,27.152522483336554,-36.89592982974676,24.984479163587864,-38.736410640259095,-56.99400329384885,-130.57596371205486,-54.680225333079505,-99.04374452256711,-156.2292710584651,168.5877428756427
57,-15.2,-15.8,-19.5,-11.9,-8.8,-7.4,-6.6,-5.3,-6.1,-6.4,-8.4,-7.9,-8.1,-8.6,-10.0,-12.1,-11.0,-9.9,-8.3,-8.2,-0.26734122871834387,20.141035085126575,91.03407346410208,122.79409715025707,-1.5302632679489658,-44.005141228718344,161.85706371205498,173.1944755551324,73.7849298297469,103.58719024795286,25.94292982974676,-35.705929829746765,24.052886509998046,-39.45781798666931,-56.677003293848855,-131.51785636564466,-54.49584002589991,-99.36694452256711,-156.96626371205488,169.5908575684631
58,-15.4,-15.8,-19.1,-12.0,-9.0,-7.7,-6.7,-5.3,-5.9,-6.3,-8.6,-7.1,-8.0,-8.0,-8.9,-11.7,-10.2,-9.5,-9.5,-8.1,-1.202733882308138,19.608442431536787,90.17207346410208,121.63799715025706,-1.1442632679489648,-44.61594122871834,163.36846371205502,172.2192755551324,73.7319298297469,104.40219024795286,25.439929829746745,-35.84652248333654,24.069293856408265,-40.3264106402591,-57.307410640259064,-131.88586371205486,-54.18963267948969,-100.24395186897733,-155.58405636564467,170.1639722612835
59,-15.1,-16.1,-19.9,-11.8,-8.7,-7.3,-6.3,-5.1,-5.6,-6.1,-8.1,-8.0,-7.7,-8.5,-10.4,-11.2,-11.0,-8.7,-9.3,-8.3,-0.018041228718345792,19.32784977794698,91.30666611769188,121.13939715025707,-0.08996326794896525,-43.54534122871834,163.808563712055,173.66007555513244,74.7909298297469,103.12100494077325,24.26092982974677,-36.24292982974677,24.036886509998055,-41.36881798666931,-55.86041064025906,-131.82285636564464,-54.663940025899905,-100.16014452256711,-155.26144167282428,171.2020502220529
60,-15.1,-15.6,-18.7,-11.7,-8.8,-7.1,-6.5,-5.0,-5.5,-6.0,-7.5,-6.9,-7.8,-7.7,-9.9,-11.6,-11.0,-10.5,-9.2,-8.9,0.05016611769186241,18.829257124357184,92.16966611769188,122.19229715025706,0.226236732051035,-42.63524122871834,163.51806371205498,173.7654755551324,73.7089298297469,103.74859759436308,23.271337176156976,-36.80992982974675,25.175886509998065,-40.15581798666932,-57.109817986669285,-131.98317105846505,-53.9040400258999,-100.90904452256711,-155.02815636564466,170.68767226128352
61,-14.6,-15.3,-18.4,-11.5,-8.5,-7.0,-6.3,-4.9,-5.6,-5.8,-7.6,-7.3,-7.5,-8.1,-10.0,-11.9,-10.9,-10.5,-9.2,-7.5,-0.5369265358979298,17.885664470767395,92.16766611769187,122.63139715025707,-0.008663267948966435,-43.11524122871835,162.07827105846522,175.31697555513242,72.43333717615712,103.79600494077329,22.815337176156987,-37.787522483336545,26.440479163587852,-41.37841064025909,-56.88941064025907,-133.55166371205485,-54.842647372310125,-101.85152248333648,-154.12894167282428,171.9435502220529
62,-15.3,-15.4,-18.8,-11.5,-8.7,-7.0,-6.2,-5.1,-5.3,-5.5,-7.3,-6.5,-7.4,-8.1,-8.8,-12.8,-10.8,-10.8,-8.8,-9.6,-1.7249191894877214,18.4410718171776,90.86107346410208,121.76639715025706,-0.5451632679489649,-41.880841228718346,163.1153710584652,175.12537555513242,73.92133717615712,103.25400494077329,21.26574452256719,-38.76311513692633,27.996479163587864,-42.22200329384887,-57.87381798666928,-134.3603563656446,-54.80504002589991,-102.23452248333649,-153.7876490192345,172.65555022205288
63,-15.0,-15.4,-18.8,-11.6,-8.4,-7.0,-6.0,-4.9,-5.4,-5.5,-7.3,-6.2,-7.0,-7.4,-8.9,-11.3,-11.4,-12.0,-10.5,-10.1,-0.5481191894877213,17.43747916358781,90.71707346410207,122.74439715025707,-0.9495632679489656,-42.057441228718346,161.94477840487542,176.10937555513243,72.78974452256733,102.9264122871835,20.003151868977426,-39.92811513692632,28.822071817177658,-41.86641064025909,-59.203410640259065,-133.24467840487523,-55.43985471872031,-103.1772371761569,-153.5678563656447,173.35477226128353
64,-14.8,-15.3,-18.3,-11.2,-8.3,-6.7,-5.9,-4.6,-5.0,-5.5,-7.0,-6.4,-7.2,-7.2,-9.1,-11.4,-13.0,-12.2,-11.4,-9.3,-2.08531918948772,17.269886509998003,91.90866611769188,123.04909715025707,-2.0820559215387604,-43.60773388230814,162.12397840487543,176.10437555513244,72.94574452256734,102.89341228718351,21.487151868977406,-40.39411513692633,27.710479163587863,-41.44800329384887,-58.63781798666929,-133.65308575128546,-56.599340025899906,-102.52425921538752,-154.14483432641407,174.9041502220529
65,-14.2,-14.8,-18.2,-11.4,-8.5,-6.9,-5.9,-4.7,-4.9,-5.3,-6.9,-6.3,-6.8,-7.3,-8.7,-10.9,-12.1,-11.1,-11.7,-9.6,-3.6219118430775197,18.710886509998005,91.00366611769188,121.89299715025707,-2.7806559215387594,-42.51324122871834,162.46927840487544,177.2021755551324,72.37874452256733,102.3094122871835,21.374151868977407,-39.03452248333653,27.336479163587867,-42.1724106402591,-57.1942253330795,-133.91557105846505,-55.92463267948969,-102.2771371761569,-153.69421228718346,174.5081869541039
66,-14.5,-14.6,-18.8,-11.2,-8.3,-6.8,-6.1,-4.7,-4.9,-5.2,-6.4,-5.9,-6.7,-7.6,-8.5,-10.7,-11.8,-11.7,-10.8,-9.5,-4.6319044966673175,18.02229385640821,89.67307346410209,121.58210449666727,-1.3499559215387578,-43.511533882308136,161.95577840487545,178.1781755551324,71.99615186897755,103.71081963359373,21.286151868977413,-38.743522483336534,27.072479163587857,-42.799003293848884,-57.091817986669284,-134.26777105846503,-54.7973473723101,-102.4001445225671,-152.82742698000385,175.8172575684631
67,-14.5,-14.4,-17.8,-11.1,-8.1,-6.8,-6.0,-4.7,-4.5,-5.4,-6.4,-6.2,-6.3,-6.9,-8.5,-10.8,-12.0,-12.1,-13.2,-9.8,-4.141197150257113,16.52870120281841,88.30007346410207,120.93100449666727,-1.1034559215387603,-44.089633882308135,162.48897840487544,178.48547555513244,71.73915186897756,102.36881963359372,21.997151868977426,-38.282115136926336,27.48507181717764,-41.66400329384888,-58.53541064025907,-135.50857840487527,-54.12128410436112,-103.6344371761569,-153.67102698000386,176.05657226128352
68,-14.5,-14.3,-18.3,-10.9,-8.1,-6.6,-5.9,-4.5,-4.6,-5.1,-6.4,-5.7,-6.0,-6.9,-8.6,-11.5,-12.7,-12.6,-12.3,-11.6,-3.7581044966673147,15.977108549228632,86.8204808105123,120.69390449666727,-0.06605592153875861,-43.48033388230814,161.06288575128565,178.75617555513242,72.19315186897755,101.61522698000394,22.080151868977424,-39.44711513692633,28.474479163587844,-42.65059594743866,-57.14981798666929,-136.96837105846504,-53.194084104361124,-103.3545371761569,-153.71892698000386,176.96479430051414
69,-14.3,-14.3,-17.9,-11.0,-8.1,-6.5,-5.7,-4.4,-4.2,-5.1,-5.9,-5.4,-6.1,-7.3,-8.5,-11.6,-12.0,-11.8,-12.1,-11.1,-4.506689803846903,17.480108549228618,86.9510734641021,119.74010449666727,0.3202440784612399,-43.26443388230814,161.18488575128566,180.26237555513242,70.89055921538777,100.36622698000394,21.278151868977403,-39.46911513692632,27.724479163587844,-42.35441064025906,-55.89681798666929,-138.26837105846505,-52.708391450771344,-103.60254452256711,-153.74504167282424,176.32208695410395
70,-13.7,-14.0,-18.0,-11.1,-7.9,-6.3,-5.8,-4.4,-4.5,-4.8,-5.7,-5.1,-5.7,-6.5,-8.3,-10.0,-12.2,-12.4,-13.3,-10.3,-3.268297150257112,18.757108549228633,86.45048081051229,119.81101184307748,0.49184407846124145,-43.87493388230814,162.56418575128566,179.8551755551324,71.68555921538777,99.02963432641417,21.868151868977407,-38.944707790516105,28.595071817177654,-41.87441064025907,-55.36863267948969,-137.69427105846506,-51.87928410436113,-104.47375186897733,-154.9665490192345,176.89717226128352
71,-13.8,-13.8,-17.7,-10.8,-7.8,-6.2,-5.7,-4.3,-4.1,-4.6,-5.6,-5.0,-5.8,-6.7,-8.2,-10.5,-12.4,-13.2,-13.3,-13.2,-3.8046898038469052,19.255515895638837,86.16248081051229,120.47090449666727,0.5028440784612407,-45.06492653589793,162.35758575128565,181.35397555513242,72.18655921538777,97.92704167282437,21.53355921538764,-39.68911513692632,28.504479163587845,-42.15800329384885,-56.86241064025907,-136.41137105846505,-52.137884104361135,-103.45415186897732,-155.94583432641406,176.8709869541039
72,-13.9,-13.6,-17.6,-11.1,-7.7,-6.4,-5.7,-4.0,-4.2,-4.8,-5.6,-4.9,-5.6,-6.5,-8.1,-10.0,-11.8,-12.5,-14.2,-13.3,-4.2471824574367005,19.72251589563885,85.17448081051229,121.35220449666727,1.7943440784612399,-45.89632653589793,163.13268575128566,181.3533755551324,73.60555921538777,97.01004167282437,22.65055921538763,-40.87430044410593,28.750479163587855,-41.61900329384886,-55.57041064025907,-137.60756371205483,-50.965106143591754,-104.17427390820795,-157.0391416728243,176.7921796076937
73,-14.0,-13.4,-17.5,-10.7,-7.7,-6.2,-5.7,-4.3,-3.9,-4.5,-5.4,-4.8,-5.6,-6.4,-7.9,-9.1,-12.5,-12.7,-15.0,-12.0,-4.448582457436707,18.512923242049055,85.8634808105123,122.19610449666727,2.0490440784612396,-45.08122653589793,163.62198575128565,182.19887555513242,74.42655921538777,96.29044901923459,24.13655921538762,-41.08930044410593,27.20088650999807,-41.70000329384885,-54.12063267948969,-137.83566371205484,-52.017584104361134,-103.22845921538755,-156.4655269800039,176.27187960769373
74,-14.1,-13.2,-17.5,-10.7,-7.7,-6.2,-5.5,-4.1,-4.0,-4.7,-5.0,-5.1,-5.1,-6.4,-8.0,-10.6,-13.5,-13.4,-14.3,-14.0,-5.523175111026504,18.72633058845929,86.65248081051229,122.87000449666728,2.48024407846124,-44.59922653589793,164.87048575128566,183.1139755551324,74.93455921538776,95.59344901923458,24.417559215387627,-41.699300444105916,26.830479163587867,-42.15141064025907,-53.30222533307948,-138.35907105846505,-53.40029145077135,-102.25706656179776,-156.8886490192345,174.74229430051412
75,-13.9,-13.1,-17.2,-10.7,-7.7,-6.2,-5.5,-4.0,-3.9,-4.1,-4.9,-5.1,-5.3,-6.3,-7.9,-9.5,-11.4,-14.9,-16.4,-14.8,-4.173482457436705,17.361737934869495,87.91148081051229,122.81180449666728,3.6019440784612407,-44.22742653589793,165.51028575128566,183.40127555513243,74.253966561798,94.8424490192346,24.16855921538763,-42.14670779051613,26.092886509998067,-43.388003293848854,-51.95463267948969,-139.67656371205481,-54.293006143591754,-103.67585186897736,-158.43041228718346,173.41948695410395
76,-13.9,-13.0,-16.9,-10.7,-7.6,-6.2,-5.5,-4.1,-3.8,-4.3,-5.1,-4.8,-5.2,-6.9,-7.6,-10.5,-10.9,-13.4,-14.4,-15.0,-3.7057824574367046,18.712737934869494,89.01307346410209,122.94960449666728,3.0313440784612418,-44.213326535897934,166.21958575128565,184.20237555513242,74.333966561798,93.74085636564482,23.018559215387626,-41.05770779051613,24.774886509998055,-44.49759594743864,-53.29322533307948,-139.80706371205483,-54.01550614359175,-102.16588860102839,-157.28905636564474,173.31229430051414
77,-13.6,-13.0,-16.9,-10.7,-7.6,-6.1,-5.4,-3.9,-3.7,-4.1,-4.5,-4.5,-4.8,-6.2,-7.6,-9.5,-11.2,-14.1,-15.9,-15.3,-4.729975111026498,19.1067379348695,87.70348081051229,123.20610449666727,3.7179440784612403,-44.97542653589793,165.77478575128566,184.23497555513242,73.22737390820821,94.63785636564481,24.27155921538764,-41.49230044410592,24.911886509998055,-46.04559594743863,-52.22263267948969,-140.39095636564463,-54.206398797181535,-101.31047390820798,-158.5620563656447,172.80541633974477
78,-13.6,-12.8,-16.5,-10.8,-7.7,-5.9,-5.5,-4.1,-3.8,-3.9,-4.7,-4.7,-4.9,-6.4,-7.5,-9.0,-11.3,-12.0,-16.2,-15.4,-4.311767764616299,17.56855262768991,88.10407346410209,122.93600449666727,3.0141440784612428,-45.31592653589793,167.23238575128565,184.5410755551324,72.1693739082082,94.32985636564482,23.621966561797848,-39.92970779051615,24.486293856408267,-47.036188601028414,-53.29122533307947,-139.92806371205484,-54.58690614359173,-100.97207390820797,-157.2032490192345,173.05227226128352
79,-13.4,-12.4,-16.6,-10.4,-7.5,-6.1,-5.3,-4.0,-3.6,-3.9,-4.7,-4.5,-4.9,-6.1,-7.4,-10.1,-10.5,-14.0,-16.1,-13.7,-2.8636751110265024,18.48655262768989,88.98648081051229,121.78841184307747,1.7145514248714484,-44.38812653589793,167.04798575128564,185.7738755551324,70.89678125461842,95.1008563656448,25.080559215387638,-40.69630044410593,25.202293856408275,-48.47618860102841,-53.47022533307947,-139.85036371205484,-53.74590614359174,-101.42110329384882,-158.01734901923453,173.95397960769373
80,-13.4,-12.5,-17.2,-10.4,-7.5,-6.0,-5.4,-3.9,-3.6,-4.0,-4.3,-4.2,-5.0,-5.9,-7.4,-9.8,-11.9,-14.2,-16.0,-16.8,-3.8378677646162984,19.10555262768989,89.8050734641021,121.04111184307747,2.19565142487145,-43.96492653589793,166.40779309769587,184.65908290154263,71.32378125461842,94.01326371205502,24.35096656179786,-40.56930044410592,24.795293856408264,-47.3387812546182,-52.45281798666926,-140.21456371205483,-52.70521349000194,-100.14349594743861,-157.40178575128553,172.82942083641205
81,-13.6,-12.3,-16.2,-10.6,-7.5,-6.0,-5.2,-4.0,-3.6,-3.7,-4.3,-4.5,-4.6,-5.5,-6.7,-9.8,-10.8,-12.8,-15.3,-16.6,-2.728667764616297,19.370959974100117,89.74507346410209,121.28681184307747,1.3770514248714498,-44.38222653589793,167.30158575128564,183.51478290154262,72.67178125461842,94.33526371205502,24.813966561797855,-39.29930044410591,23.398701202818472,-48.46118860102841,-51.53322533307947,-141.0092416728242,-52.57929145077132,-101.65960329384882,-155.85330044410594,174.07859430051414
82,-13.7,-12.2,-16.8,-10.9,-7.3,-5.9,-5.4,-3.9,-3.5,-3.5,-4.4,-4.2,-4.5,-5.5,-7.6,-9.1,-10.8,-13.2,-14.6,-16.3,-2.2336677646162997,20.86795997410013,88.87048081051229,121.14501184307747,-0.11044122871834361,-43.50832653589793,168.25628575128565,184.82328290154265,73.62778125461843,95.65285636564482,25.54896656179784,-38.21830044410592,22.155701202818477,-49.4167812546182,-52.224225333079474,-141.58836371205484,-51.72361349000194,-102.03078125461819,-155.80610044410594,174.72197960769373
83,-13.1,-11.7,-16.1,-10.3,-7.4,-5.8,-5.2,-3.9,-3.5,-3.6,-4.2,-4.0,-4.6,-5.3,-7.5,-9.2,-10.2,-13.0,-16.6,-18.1,-2.167660418206097,20.598367320510334,87.90048081051229,122.11111184307748,0.35625877128165584,-43.01292653589793,168.54488575128565,185.48398290154262,74.18278125461842,96.60485636564482,25.82696656179786,-38.24530044410591,22.016701202818467,-50.074373908207974,-51.882225333079475,-140.42324901923442,-50.86002818282235,-103.37119594743861,-156.59592982974675,173.4556575684631
84,-13.2,-11.7,-16.0,-10.7,-7.4,-5.8,-5.5,-3.8,-3.2,-3.6,-4.3,-4.4,-4.3,-5.3,-7.6,-8.8,-9.4,-12.6,-14.8,-20.6,-2.723860418206094,21.72592982974672,87.15388815692249,121.41001184307747,0.6214587712816559,-42.18142653589793,169.41618575128564,186.54328290154263,74.79878125461842,97.7728563656448,26.42196656179786,-38.23330044410591,20.81810854922867,-48.66978125461819,-50.376225333079475,-139.79074901923443,-50.03450614359173,-104.04968125461819,-156.29199309769572,174.0174502220529
85,-13.2,-11.5,-16.0,-10.5,-7.2,-5.8,-5.3,-3.9,-3.3,-3.4,-4.0,-4.1,-4.4,-5.3,-7.6,-8.9,-9.4,-12.7,-13.7,-18.6,-3.1105530717958914,20.415337176156953,87.7048881569225,122.48611184307748,1.145158771281654,-42.405526535897934,169.92488575128564,187.42048290154264,74.96778125461843,98.4528563656448,25.787373908208053,-39.770893097695705,19.38610854922868,-49.20037390820798,-51.60322533307948,-138.34725636564463,-48.46472083641213,-104.99048860102842,-155.97350044410595,175.3721502220529
86,-12.8,-11.4,-16.3,-10.7,-7.2,-5.9,-5.4,-3.8,-3.5,-3.3,-4.2,-4.2,-4.3,-5.4,-7.0,-8.4,-8.8,-13.1,-16.3,-17.1,-1.9846604182060972,20.43833717615695,88.87388815692249,122.39531184307748,0.5989587712816551,-42.23962653589793,170.29578575128565,188.60008290154263,74.06178125461842,98.43085636564481,25.81237390820806,-38.5608930976957,18.035515895638895,-50.01637390820798,-52.829817986669255,-139.08695636564465,-49.681120836412134,-104.11830329384883,-155.72100044410595,174.96213552923248
87,-13.2,-11.2,-16.0,-10.4,-7.4,-5.8,-5.5,-3.7,-3.7,-3.3,-4.1,-3.9,-4.6,-5.1,-7.2,-8.5,-9.6,-13.2,-14.9,-18.2,-1.477653071795892,21.214744522567173,87.4118881569225,123.37001184307748,-0.7913338823081375,-41.98282653589793,169.75728575128565,188.15388290154263,73.90918860102865,99.42685636564482,26.906966561797844,-39.69589309769569,17.79451589563891,-50.719373908207984,-53.07781798666926,-137.58405636564464,-48.65551349000192,-105.07208860102841,-156.87070044410595,176.3288649148733
88,-12.7,-10.9,-15.8,-10.5,-7.4,-5.7,-5.4,-3.9,-3.6,-3.3,-4.0,-4.0,-4.3,-4.9,-6.8,-9.3,-9.4,-13.6,-14.0,-18.1,-1.265753071795892,22.151744522567157,88.2858881569225,123.72831184307748,-1.9256338823081371,-41.26452653589793,168.50009309769587,189.11138290154264,74.10518860102864,98.23926371205502,25.708373908208074,-40.42348575128548,19.035515895638895,-50.52596656179776,-52.40341064025904,-139.13485636564462,-49.95249145077132,-105.13308125461819,-157.3498784048753,176.4497355292325
89,-12.6,-11.0,-15.9,-10.4,-7.4,-5.8,-5.4,-3.8,-3.2,-3.1,-3.8,-3.9,-4.4,-4.8,-7.0,-8.1,-8.4,-13.7,-16.3,-18.3,-1.4948530717958874,20.82715186897738,87.15088815692249,122.58191184307748,-1.7196338823081376,-41.17055653589793,169.23519309769586,187.98428290154266,75.66818860102865,97.28026371205502,26.18137390820806,-41.04448575128549,18.48292324204911,-52.050966561797765,-51.134410640259034,-139.28564167282423,-49.90279879718153,-103.83047390820798,-156.16225636564468,176.41797226128352
90,-12.8,-10.8,-15.8,-10.5,-7.4,-5.7,-5.4,-3.8,-3.6,-3.0,-4.0,-3.8,-4.3,-5.5,-7.3,-8.8,-8.7,-12.2,-16.5,-19.8,-1.9460457253856873,21.566151868977386,87.6968881569225,121.70161918948767,-2.9559265358979303,-41.146526535897934,168.42489309769587,188.78378290154262,75.50418860102864,98.73426371205503,24.930781254618296,-40.47448575128547,19.751923242049116,-52.83155921538756,-50.18481798666926,-140.40544167282422,-51.26109879718153,-102.6893812546182,-156.10338575128551,176.3322428756427
91,-12.4,-10.9,-15.2,-10.4,-7.4,-5.8,-5.5,-3.7,-3.7,-3.3,-4.0,-3.7,-4.2,-5.4,-6.7,-8.7,-9.0,-12.5,-16.9,-15.9,-2.430745725385684,20.724559215387615,88.89188815692249,120.80451918948768,-3.1890265358979306,-39.665576535897934,168.70639309769587,189.69448290154264,75.99818860102864,98.14026371205503,24.031188601028504,-41.896485751285496,20.414515895638885,-52.128559215387554,-48.727225333079474,-141.18264167282422,-52.77098410436113,-102.94848860102842,-156.2280857512855,177.36407226128352
92,-12.6,-10.5,-15.5,-10.5,-7.3,-5.7,-5.3,-3.8,-3.6,-3.0,-4.1,-3.9,-4.2,-5.3,-7.1,-8.6,-9.7,-14.1,-15.9,-16.4,-1.2552457253856915,21.386559215387592,90.2218881569225,120.72921918948768,-3.2038265358979316,-39.64581653589793,168.43019309769588,191.02808290154263,74.72139594743886,96.80967105846526,25.527781254618276,-42.24451589563887,19.896923242049127,-50.81596656179775,-49.10581798666925,-140.30863432641402,-53.919984104361134,-104.05010329384882,-157.6533637120549,177.2389355292325
93,-12.5,-10.3,-15.5,-10.5,-7.4,-5.9,-5.5,-3.9,-3.7,-3.1,-4.1,-3.8,-4.2,-4.6,-7.4,-8.8,-9.1,-12.0,-15.9,-23.2,0.2029542746143136,20.650966561797816,89.5238881569225,120.85291918948768,-2.7623265358979303,-40.51063653589793,167.53639309769588,190.96028290154266,73.95889594743886,96.35867105846523,26.90578125461829,-41.56951589563886,19.186330588459327,-51.283559215387555,-49.93041064025904,-138.75434901923444,-53.94886941154073,-104.128873908208,-156.8614784048753,177.4698869541039
94,-12.3,-10.6,-15.3,-10.6,-7.4,-5.6,-5.5,-3.9,-3.8,-3.0,-3.9,-4.0,-4.6,-5.0,-7.6,-9.1,-9.3,-13.4,-15.6,-15.6,0.1880616210245165,21.53696656179781,88.7232955033327,121.06241918948768,-3.3334265358979316,-38.95572653589793,166.08370044410609,190.21998290154264,73.66549594743886,95.26007840487546,25.7741886010285,-40.77451589563887,19.36933058845935,-52.478151868977335,-50.523410640259044,-138.13584901923443,-54.532891450771345,-104.11078125461823,-157.80237105846507,176.16421633974477
95,-12.2,-10.1,-15.1,-10.5,-7.5,-5.7,-5.6,-3.9,-3.6,-3.4,-4.2,-3.9,-4.1,-4.9,-7.3,-8.1,-9.8,-12.1,-16.3,-19.2,1.4275542746143088,20.835373908208027,87.40529550333271,120.06431918948768,-2.128926535897932,-39.07136653589793,164.6633077905163,191.48848290154262,72.92090329384908,93.80948575128568,24.67718860102849,-39.45951589563887,20.59933058845934,-53.71715186897734,-51.23741064025904,-138.55763432641402,-55.4903620651305,-104.49461064025904,-159.12186371205485,176.8140796076937
96,-12.1,-10.1,-15.3,-10.4,-7.4,-5.7,-5.7,-3.9,-3.7,-3.3,-4.1,-3.9,-4.1,-4.9,-7.2,-9.5,-8.1,-12.0,-17.0,-17.4,2.4799542746143146,21.311373908208026,86.3832955033327,121.41201918948768,-1.8325265358979301,-39.20413653589793,163.6517077905163,191.57278290154264,74.17959594743886,93.61248575128567,25.154188601028494,-39.06251589563888,19.198330588459328,-52.39774452256711,-50.419410640259045,-139.33563432641404,-54.98126941154072,-103.39869594743863,-157.56555636564462,177.07706491487332
97,-11.8,-9.6,-15.3,-10.5,-7.5,-5.8,-5.7,-3.9,-4.0,-3.3,-4.2,-3.8,-4.2,-5.1,-7.6,-9.1,-9.2,-14.0,-15.8,-18.1,1.115761621024518,20.577373908208045,85.8397028497429,121.81611918948768,-1.5129265358979325,-38.159196535897934,163.8474077905163,190.52248290154262,73.59040329384908,94.72748575128568,25.639188601028508,-40.335108549228664,19.240737934869543,-51.202151868977325,-50.45041064025904,-139.276634326414,-53.564954718720315,-103.55228860102841,-156.16924901923443,176.3586310325652
98,-11.8,-9.6,-15.6,-10.9,-7.5,-5.8,-5.7,-4.1,-3.7,-3.0,-4.3,-3.6,-4.0,-4.8,-7.6,-9.1,-9.7,-12.4,-16.8,-16.1,1.7519616210245204,19.695781254618254,84.8022955033327,121.35981918948768,-0.9040265358979305,-38.225546535897934,164.6906077905163,189.84579024795283,74.62979594743886,94.20948575128568,24.324595947438723,-39.13010854922865,17.79773793486956,-49.79015186897732,-49.22841064025904,-139.72581963359363,-53.52206206513053,-102.272573908208,-155.21185636564462,176.46230899333457
99,-11.5,-9.6,-15.1,-10.6,-7.7,-6.0,-5.7,-3.9,-4.0,-3.3,-4.2,-4.0,-4.3,-5.0,-7.4,-9.2,-8.8,-13.3,-18.3,-16.2,0.5236689674347161,18.90518860102847,84.63870284974291,122.27521918948767,-0.7274265358979299,-38.75870653589793,164.07870779051632,189.80019024795286,76.08709594743885,95.43748575128568,25.71459594743871,-38.962108549228645,16.714552627689955,-51.08274452256711,-49.791410640259045,-141.2178196335936,-52.77226206513053,-103.2772445225672,-154.82392698000382,176.55222368615497
100,-11.5,-9.5,-15.3,-10.5,-7.5,-5.9,-5.7,-4.1,-4.0,-3.3,-4.3,-4.2,-4.3,-5.0,-6.8,-9.9,-9.8,-13.5,-15.6,-16.8,1.4192689674347179,19.54618860102846,85.18170284974289,123.09701918948768,0.4730734641020682,-37.554836535897934,164.8340077905163,190.12899024795286,76.26339594743887,96.70648575128568,26.388595947438716,-40.34370120281844,15.220145281279741,-51.55474452256712,-48.97081798666926,-141.02041228718338,-52.01706206513053,-103.48437390820801,-154.52611963359362,176.0690383789754
101,-11.4,-9.2,-15.2,-10.9,-7.6,-6.0,-5.8,-4.0,-4.3,-3.5,-4.3,-3.8,-4.5,-4.8,-7.3,-9.6,-9.2,-14.0,-15.4,-17.4,2.379061621024519,18.405595947438684,86.4087028497429,122.51881918948767,2.0337661176918616,-37.956656535897935,164.6260077905163,189.78379024795285,77.05229594743886,97.53548575128568,27.052595947438704,-38.93770120281843,14.206959974100158,-52.82333717615688,-49.34100329384884,-140.1034122871834,-52.13274737231012,-102.42576656179779,-154.2616122871834,176.41561633974476
102,-11.4,-9.2,-15.2,-10.7,-7.5,-6.1,-5.8,-4.1,-4.2,-3.8,-4.5,-3.9,-4.2,-5.0,-7.6,-10.2,-10.5,-12.5,-16.5,-15.0,1.0817689674347122,19.95259594743868,87.4637028497429,123.78901918948768,2.8941661176918636,-37.12961653589793,165.5352077905163,188.39089759436308,78.36388860102865,98.71007840487546,26.779595947438708,-39.58570120281843,13.474959974100159,-51.93974452256711,-47.927003293848855,-140.29581963359362,-51.25164737231013,-101.74755186897738,-154.84880494077316,175.83722368615497
103,-11.2,-9.0,-15.6,-10.9,-7.6,-6.0,-5.8,-4.2,-4.3,-3.8,-4.7,-4.1,-4.6,-5.0,-7.4,-10.4,-9.1,-12.9,-15.5,-16.0,1.9612689674347195,21.1825959474387,86.65811019615312,123.06521918948768,2.990966117691862,-35.92482653589793,166.1082077905163,188.87179759436307,77.57389594743886,98.66848575128569,27.941595947438714,-38.138701202818424,11.92136732051037,-51.58774452256711,-47.89841064025907,-140.9958196335936,-51.45304002589991,-103.01502982974677,-156.04800494077318,176.21966776461622
104,-11.3,-8.9,-15.1,-10.7,-7.9,-6.2,-6.0,-4.2,-4.3,-3.9,-4.6,-4.3,-4.4,-5.2,-7.3,-10.3,-11.5,-14.2,-13.9,-16.3,2.9739689674347147,22.5935959474387,86.4511101961531,123.27201918948768,2.4885661176918603,-36.93302653589793,165.6607077905163,189.29419759436308,78.31219594743887,100.05407840487547,28.997595947438725,-36.68970120281844,11.65536732051038,-52.966337176156884,-47.85000329384884,-142.13659759436302,-51.243040025899916,-103.27152248333654,-156.19796820872216,176.54144572538559
105,-11.1,-8.9,-15.5,-10.7,-7.9,-6.3,-5.8,-4.7,-4.6,-4.0,-4.7,-4.2,-4.6,-4.9,-7.9,-10.8,-10.0,-14.9,-16.0,-15.6,3.3291689674347253,23.310595947438685,87.23511019615312,122.32141918948768,2.6638661176918603,-37.13747653589793,165.24490779051632,188.84629759436308,77.38289594743885,98.61348575128568,27.761003293848944,-35.71070120281843,10.31577466692059,-53.234929829746676,-48.23141064025907,-140.84441228718342,-51.98455471872032,-103.87552248333654,-156.05296820872215,177.49685307179578
106,-11.2,-8.8,-15.3,-11.0,-7.9,-6.3,-6.1,-4.5,-4.4,-3.9,-4.9,-4.2,-4.7,-5.4,-7.6,-10.7,-11.8,-14.3,-15.8,-13.9,1.8664763138449274,23.933595947438675,87.48511019615312,121.28431918948768,2.923466117691863,-37.96206918948772,165.44440779051632,187.29470494077327,76.57890329384908,99.87948575128569,26.82000329384894,-36.84429385640824,9.233182013330804,-52.40492982974666,-48.69259594743866,-141.370597594363,-52.63922533307948,-105.30670779051613,-155.32819024795273,178.7320751110264
107,-10.9,-8.7,-15.3,-10.8,-7.9,-6.3,-6.1,-4.5,-4.4,-4.1,-5.0,-4.4,-4.5,-5.0,-7.8,-10.4,-10.5,-15.2,-16.4,-14.8,1.8963763138449252,23.188003293848908,87.3641101961531,121.83872653589788,2.879966117691861,-39.34017918948772,165.9900077905163,185.8954049407733,77.41569594743886,98.53148575128569,25.274410640259163,-36.52829385640824,10.148182013330796,-52.94992982974668,-47.77859594743866,-141.358597594363,-53.632225333079475,-104.44426371205489,-155.4283755551323,177.7970751110264
108,-11.1,-8.6,-15.2,-10.9,-7.9,-6.3,-6.2,-4.8,-4.8,-4.2,-5.0,-4.5,-4.5,-4.8,-7.5,-10.2,-11.3,-14.9,-14.2,-12.0,2.592376313844923,21.977410640259137,88.7431101961531,121.11782653589788,3.025566117691863,-38.15298918948772,165.7027077905163,185.64340494077328,75.92270329384908,98.4238930976959,24.807817986669363,-37.92588650999804,11.597774666920571,-54.197522483336456,-47.886595947438664,-141.25141228718343,-54.33463267948969,-105.87970779051614,-154.20593147667105,178.47566776461622
109,-10.9,-8.5,-15.0,-11.1,-8.2,-6.4,-6.2,-4.7,-4.9,-4.2,-5.2,-4.5,-4.7,-5.3,-8.0,-11.3,-12.3,-13.3,-14.3,-13.5,3.702076313844927,22.91441064025912,89.05611019615311,120.86022653589788,2.9961661176918604,-37.937589189487724,164.9083077905163,186.83610494077328,75.66970329384908,98.6898930976959,25.213410640259156,-36.966886509998034,11.190182013330798,-53.10911513692625,-47.81118860102845,-139.7451902479528,-52.928410640259074,-104.3480784048753,-154.9043755551323,177.05126041820603
110,-11.0,-8.5,-15.2,-11.4,-8.1,-6.7,-6.4,-5.1,-5.0,-4.7,-5.4,-4.9,-5.0,-5.6,-7.4,-10.5,-12.9,-13.8,-12.7,-12.7,2.906676313844926,24.13841064025911,89.83711019615312,119.48023388230808,4.553466117691865,-38.110449189487724,165.2887077905163,186.52410494077327,74.13750329384908,98.9148930976959,25.26581798666936,-38.383479163587836,12.171589359741006,-53.61511513692625,-48.840781254618236,-138.6030049407732,-52.75822533307948,-105.06026371205489,-155.69733882308128,175.48426041820602
111,-10.6,-8.4,-15.2,-11.3,-8.2,-6.6,-6.5,-5.0,-5.3,-4.8,-5.6,-4.5,-4.9,-5.6,-8.0,-11.1,-12.3,-12.7,-12.0,-10.8,3.76607631384492,22.787817986669353,89.25211019615311,118.0262338823081,6.0541587712816565,-38.95639184307752,164.8798077905163,186.7663049407733,74.26411064025929,99.0038930976959,26.606410640259156,-38.62847916358781,10.89258935974101,-52.749115136926235,-48.68218860102844,-138.36659759436301,-52.74541064025907,-105.6646710584651,-154.55956086231186,176.4108530717958
112,-10.6,-8.3,-15.1,-11.1,-8.5,-6.8,-6.7,-5.1,-5.1,-4.8,-5.5,-5.0,-5.4,-6.1,-8.6,-10.8,-12.1,-13.4,-11.6,-11.1,3.631876313844927,23.62681798666935,88.2215175425633,118.84133388230808,6.964858771281655,-37.995319189487724,165.6679077905163,185.2719122871835,75.67350329384908,98.03630044410612,26.35881798666938,-37.17347916358783,11.982589359741013,-53.79911513692625,-47.76178125461823,-138.6041902479528,-51.36678125461823,-105.86622698000386,-154.47733882308128,177.22566776461622
113,-10.8,-8.2,-15.4,-11.4,-8.4,-6.8,-6.6,-5.2,-5.5,-5.0,-5.7,-5.0,-5.4,-5.9,-7.5,-11.3,-11.7,-13.6,-12.7,-10.3,4.724276313844925,24.147817986669338,88.01551754256332,118.4678338823081,5.455358771281656,-37.66035918948772,165.1769077905163,184.31051228718349,75.75320329384908,98.35330044410611,25.940817986669373,-36.127479163587836,13.439182013330793,-53.64870779051603,-47.32296656179781,-138.5277829015426,-51.695781254618225,-104.61504167282428,-153.4531535159017,177.11707511102642
114,-10.6,-8.1,-15.4,-11.5,-8.2,-6.9,-7.0,-5.3,-5.6,-5.2,-6.0,-5.0,-5.3,-6.0,-8.5,-11.8,-13.3,-12.3,-11.2,-11.3,3.6382836602551265,22.661225333079557,86.98551754256331,119.93972653589788,3.937166117691863,-37.86431918948772,164.45710779051632,183.30141963359372,76.31330329384907,97.53130044410612,26.003225333079598,-35.46188650999804,13.763182013330805,-55.20089309769563,-47.19937390820803,-138.4541902479528,-51.83196656179783,-104.06663432641403,-153.17333882308128,177.97766776461623
115,-10.4,-8.0,-15.5,-11.6,-8.5,-6.9,-7.0,-5.4,-5.6,-5.6,-6.1,-5.0,-5.9,-6.4,-7.6,-12.3,-14.6,-12.2,-11.6,-11.0,3.534276313844927,22.99722533307957,86.20192488897352,120.01693388230808,3.4391661176918618,-38.83365918948772,165.80900779051632,184.0944122871835,76.67390329384908,99.09030044410612,25.78122533307959,-35.64747916358782,13.914151868977399,-56.126893097695614,-47.906966561797816,-138.6941902479528,-51.89155921538759,-104.36381963359364,-152.98170943744046,179.40229715025703
116,-10.5,-8.0,-15.3,-11.5,-8.4,-7.3,-6.9,-5.4,-6.0,-5.7,-6.1,-5.5,-5.8,-6.4,-7.9,-10.7,-12.3,-10.6,-11.2,-10.9,2.9907836602551328,23.86022533307957,85.06933223538371,118.46043388230808,3.018266117691862,-40.16627184307752,164.7180077905163,184.6968122871835,75.87140329384907,99.82430044410611,26.7122253330796,-34.712479163587815,12.717151868977425,-55.9270784048752,-49.02755921538761,-140.22337555513235,-50.818151868977395,-104.81481963359363,-152.7361167838507,178.85007511102643
117,-10.4,-8.0,-15.5,-11.9,-8.6,-7.2,-7.1,-5.7,-6.2,-5.8,-6.3,-5.5,-6.0,-7.1,-8.1,-10.7,-12.8,-12.2,-11.7,-8.5,3.5176836602551305,22.43763267948978,85.20133223538372,117.1868338823081,1.639166117691861,-41.70464184307752,164.4542077905163,183.9807122871835,75.17520329384908,99.67130044410612,26.193225333079596,-34.68947916358782,12.01955921538763,-55.79348575128543,-50.365744522567184,-139.71678290154256,-51.83133717615698,-103.994597594363,-151.6995241302609,179.95288980384686
118,-10.5,-7.9,-15.7,-11.6,-8.7,-7.3,-7.0,-5.9,-6.4,-6.0,-6.6,-5.6,-6.1,-6.6,-8.3,-10.6,-13.2,-11.6,-9.2,-9.5,4.466383660255133,23.848632679489782,84.05433223538373,117.0409412287183,0.47927346410206795,-43.01957449666732,163.76010779051632,183.9078122871835,76.22860329384908,100.28830044410611,27.1522253330796,-35.62007181717763,11.240966561797848,-56.264485751285434,-49.83074452256719,-139.47637555513236,-52.135151868977374,-105.11322698000382,-151.32970943744047,181.06670449666726
119,-10.3,-8.1,-15.4,-12.0,-9.1,-7.4,-7.0,-6.0,-6.3,-6.5,-6.9,-5.9,-6.5,-7.2,-8.6,-10.8,-12.7,-11.1,-11.1,-9.0,3.911783660255125,24.230632679489787,84.23533223538371,115.9491412287183,-0.8352265358979309,-44.18950449666731,164.2872077905163,185.42060494077327,76.57270329384907,101.84730044410611,28.608225333079588,-36.92466447076741,11.303966561797836,-55.06767105846501,-49.6179298297468,-139.86456086231192,-51.32033717615698,-104.149597594363,-152.83589474462002,179.59007511102644
120,-10.4,-7.9,-15.4,-12.0,-8.7,-7.6,-7.1,-5.9,-6.3,-6.5,-6.9,-6.4,-6.6,-7.2,-8.0,-11.7,-12.9,-10.1,-9.4,-10.0,3.102491006665332,22.763040025899983,83.36573958179393,116.3916412287183,0.25127346410206997,-44.48667449666731,165.63580044410608,185.66540494077327,76.35590329384908,102.87930044410612,29.851225333079583,-37.669664470767415,12.767966561797834,-55.779078404875236,-49.44192982974678,-139.15156086231192,-52.652337176156976,-103.01681963359363,-153.93889474462003,178.43288980384685
121,-10.5,-7.9,-15.6,-12.0,-8.9,-7.7,-7.5,-6.2,-7.0,-7.0,-7.1,-6.6,-6.9,-7.1,-9.2,-11.4,-11.6,-10.4,-9.4,-7.9,3.9847910066653327,21.765447372310206,82.38673958179392,115.11534122871831,-0.96062653589793,-43.84924449666731,164.0764077905163,186.74780494077328,75.18550329384908,104.3908930976959,29.041632679489794,-37.36766447076742,13.44396656179785,-56.65626371205482,-50.88111513692638,-140.63193147667113,-53.15533717615699,-101.92341228718342,-155.04170943744046,178.54570449666727
122,-10.3,-7.8,-15.5,-12.0,-9.2,-7.8,-7.4,-6.3,-7.1,-7.1,-7.5,-7.1,-6.7,-7.6,-8.2,-11.3,-11.4,-10.5,-9.5,-7.9,2.7882910066653324,22.27444737231022,81.29414692820413,116.2085412287183,-0.9601265358979312,-44.24193449666731,162.56240779051632,186.06600494077327,75.65640329384908,102.97430044410612,28.698632679489805,-36.94466447076742,14.345559215387624,-55.78926371205483,-50.526707790516156,-140.28274616949156,-53.416522483336564,-103.10041228718342,-156.30489474462001,179.64488980384684
123,-10.1,-7.9,-15.9,-12.5,-9.0,-8.0,-7.2,-6.4,-7.3,-7.0,-7.2,-7.5,-7.7,-7.9,-8.7,-10.5,-12.0,-10.5,-9.3,-7.9,2.9555910066653297,23.174447372310212,80.28014692820412,116.3461412287183,-0.5738265358979326,-43.96460449666731,163.2785077905163,187.36109759436306,75.03920329384907,103.97730044410612,27.765632679489812,-35.76066447076742,14.680966561797845,-55.19326371205483,-49.03752248333657,-141.02933882308133,-53.93870779051616,-102.05241228718342,-157.16548739820982,180.50388980384685
124,-10.3,-7.8,-15.5,-12.3,-9.1,-8.3,-7.7,-6.5,-7.4,-7.9,-8.1,-7.0,-8.1,-8.1,-9.3,-10.9,-10.6,-9.2,-9.6,-7.2,1.481198353075527,24.603447372310214,79.78755427461432,116.0309412287183,-1.325626535897932,-44.113584496667315,162.11040779051632,188.15599759436307,73.57180329384907,103.53730044410612,28.93622533307959,-35.83666447076742,15.878966561797853,-54.49485636564461,-50.56130044410594,-141.7667094374405,-55.262707790516174,-102.60341228718343,-157.76030209103024,181.93248245743663
125,-10.5,-7.8,-16.0,-12.6,-9.2,-8.2,-7.6,-7.0,-7.9,-7.9,-7.9,-7.4,-8.1,-8.2,-8.9,-10.3,-11.0,-9.4,-8.2,-7.9,2.814698353075528,26.009447372310206,79.47055427461432,115.8562412287183,-1.9915265358979326,-44.86718449666731,161.4577077905163,186.86069759436307,73.40870329384907,102.23130044410611,29.56522533307958,-34.73466447076741,15.432373908208064,-54.787886509998,-49.586300444105945,-141.57511678385075,-54.874300444105955,-104.0621902479528,-157.73408005179965,183.09688980384686
126,-10.5,-7.8,-15.9,-12.9,-9.2,-8.3,-7.8,-6.9,-7.6,-7.9,-8.3,-7.4,-8.8,-8.4,-10.2,-10.0,-11.1,-8.6,-8.3,-7.0,2.47229835307553,26.29344737231021,80.04055427461434,116.7445412287183,-1.0450265358979323,-45.98926449666732,161.9120077905163,187.01399759436308,72.31190329384907,102.43130044410611,27.998632679489816,-35.607257124357204,15.982373908208075,-55.446886509997995,-50.61448575128554,-140.58570943744053,-53.69611513692635,-103.97478290154257,-158.31048739820986,184.45348245743662
127,-10.2,-7.8,-16.0,-12.7,-9.5,-8.2,-7.9,-7.0,-8.4,-8.5,-8.4,-8.2,-8.7,-8.7,-8.8,-11.1,-10.2,-9.1,-8.4,-7.1,3.6987983530755315,27.749447372310215,79.36255427461434,116.3096412287183,-1.2552265358979326,-45.742274496667314,161.5099077905163,187.33599759436305,72.71660329384908,102.15530044410612,26.59804002590002,-35.06925712435722,14.458373908208074,-54.48747916358779,-51.53848575128555,-140.16911678385074,-53.317707790516124,-103.53959759436302,-157.83648739820987,183.84148245743663
128,-10.2,-7.7,-16.3,-12.7,-9.5,-8.5,-8.0,-7.1,-8.3,-8.7,-8.8,-8.0,-8.9,-8.7,-8.4,-10.3,-10.8,-8.5,-8.4,-7.6,4.066098353075532,27.928447372310217,79.00255427461433,116.5823412287183,-2.33712653589793,-44.37964449666731,160.7215077905163,185.77889759436306,72.82470329384908,102.38630044410611,26.06144737231024,-33.504257124357224,14.636781254618285,-54.2680718171776,-50.98367105846512,-140.8523020910303,-54.00111513692636,-105.10341228718343,-157.87548739820986,183.24288980384682
129,-10.1,-7.7,-16.5,-13.2,-9.3,-8.9,-8.4,-7.4,-8.8,-9.3,-9.0,-8.7,-9.2,-9.5,-9.4,-10.4,-10.0,-8.3,-7.8,-6.2,3.6860983530755362,29.17144737231021,78.96296162102453,118.0269412287183,-3.2301265358979308,-45.771494496667316,162.17670044410607,186.98559759436307,74.17169594743886,101.41870779051634,26.343447372310237,-33.31925712435722,15.278373908208067,-53.833479163587796,-51.50226371205491,-139.5833020910303,-52.480707790516135,-104.7401902479528,-156.72889474462008,184.45707511102643
130,-10.0,-7.8,-16.1,-12.9,-9.6,-8.8,-8.3,-7.8,-8.8,-9.4,-9.1,-9.2,-9.5,-10.2,-9.8,-9.1,-10.1,-9.2,-7.4,-6.1,2.7796983530755313,29.895447372310215,80.41596162102454,118.9183338823081,-3.8343265358979295,-45.38002449666732,162.54060044410608,185.85789024795287,72.60210329384908,102.69470779051633,25.63263267948983,-34.863257124357204,16.408188601028485,-53.06966447076738,-52.55367105846514,-138.7953020910303,-51.71230044410592,-103.95278290154258,-157.1423020910303,182.90588980384683
131,-10.3,-7.6,-16.5,-13.5,-9.8,-8.9,-8.5,-8.2,-8.9,-9.8,-9.3,-9.1,-9.9,-9.8,-9.5,-9.6,-9.0,-7.7,-7.7,-7.4,1.6174056994857295,30.648447372310216,79.20196162102454,118.1412412287183,-2.7656265358979297,-46.77343449666731,161.44670044410609,187.19009024795287,71.18250329384908,101.87770779051634,25.91604002590006,-34.575849777947,17.22618860102847,-53.60547916358777,-53.023293856408316,-139.75648739820986,-50.481300444105926,-105.02919024795278,-157.04508005179972,183.5790751110264
132,-10.1,-7.6,-16.8,-13.5,-9.9,-9.2,-8.6,-7.7,-8.9,-9.7,-9.8,-9.8,-9.7,-10.5,-9.2,-9.0,-8.9,-7.8,-7.0,-5.8,2.8732056994857373,31.572447372310208,77.65636896743474,116.9669412287183,-3.7664265358979314,-47.77934449666731,161.5316004441061,185.83569024795287,69.64200329384907,101.13870779051634,24.976447372310275,-36.09725712435721,18.506373908208076,-54.399849777946955,-53.767293856408315,-139.19467270538942,-49.98570779051613,-106.57878290154258,-156.2013020910303,184.28207511102642
133,-10.1,-7.6,-16.7,-13.5,-9.8,-9.2,-8.5,-8.0,-9.5,-10.3,-10.5,-10.1,-10.1,-9.7,-9.6,-9.2,-8.8,-9.0,-7.4,-6.5,2.356105699485738,32.770447372310215,79.16296162102452,116.1148412287183,-2.7804265358979308,-48.06394449666731,162.85509309769589,186.02149024795284,70.66559594743886,101.47670779051633,23.992447372310266,-36.21084977794702,19.715781254618292,-54.63284977794696,-52.5308865099981,-138.91667270538943,-51.074300444105916,-106.4741902479528,-155.5048947446201,185.69907511102642
134,-10.2,-7.7,-16.8,-13.8,-10.0,-9.3,-8.9,-8.4,-9.8,-10.4,-10.8,-10.6,-10.7,-9.6,-10.0,-9.6,-8.0,-7.6,-7.5,-7.5,1.8486056994857307,33.06344737231021,78.71696162102452,116.8160412287183,-3.8817265358979327,-47.491894496667314,163.25849309769586,186.73758290154262,69.68259594743886,100.11511513692655,22.61785471872048,-36.59784977794702,18.785188601028494,-54.37025712435715,-52.84347916358789,-138.7162653589792,-49.5978930976957,-107.35037555513236,-156.5823020910303,185.75985307179582
135,-10.1,-7.5,-17.1,-14.0,-10.1,-9.5,-8.8,-8.5,-10.4,-11.2,-10.5,-10.4,-11.1,-10.5,-9.6,-8.8,-8.2,-8.2,-7.2,-5.7,0.8362130458959456,32.13385471872043,77.22236896743475,116.2632412287183,-3.683826535897932,-46.054581843077514,163.50419309769586,187.54028290154264,69.41659594743886,101.49870779051633,21.148854718720486,-37.047035085126595,17.301188601028514,-53.22803508512652,-53.49207181717769,-138.95926535897922,-51.054300444105905,-106.66437555513235,-157.99948739820985,187.07066776461622
136,-10.1,-7.4,-16.9,-14.2,-10.1,-9.9,-9.0,-8.4,-9.8,-11.3,-10.9,-10.9,-11.6,-10.9,-10.2,-9.5,-8.0,-8.5,-7.9,-6.3,0.19931304589593424,31.947854718720436,77.95577631384495,115.6241485751285,-4.807426535897932,-44.960611843077515,164.80518575128565,187.46847555513241,69.66759594743885,101.19270779051634,19.883854718720485,-37.35044243153679,18.06218860102851,-52.44803508512655,-53.998664470767494,-138.16967270538942,-50.506893097695695,-107.74478290154258,-158.09589474462007,187.30366776461622
137,-10.1,-7.6,-17.4,-14.3,-10.2,-9.7,-9.4,-8.9,-10.9,-11.3,-11.6,-11.0,-11.0,-10.8,-9.4,-9.2,-7.7,-8.2,-8.1,-6.0,0.8498130458959423,32.569854718720435,78.98936896743474,114.2482412287183,-4.52012653589793,-45.564101843077516,164.62068575128566,187.9092755551324,70.76278125461845,101.28411513692654,19.965854718720493,-37.62903508512659,17.07359594743872,-51.485442431536725,-53.81266447076749,-139.204858012569,-49.17630044410592,-106.55337555513236,-159.25248739820987,188.748260418206
138,-10.0,-7.4,-17.2,-14.5,-10.3,-10.0,-9.1,-9.1,-10.8,-12.1,-10.7,-11.9,-12.5,-11.0,-10.2,-8.5,-8.2,-7.3,-7.2,-6.4,0.628913045895942,33.73485471872043,78.72777631384494,114.60944857512851,-4.291726535897933,-44.14025918948772,165.49408575128564,187.85407555513243,70.09018860102867,101.37970779051633,18.618854718720485,-37.438035085126586,17.71459594743871,-50.21922039230613,-54.32325712435728,-138.4072955033326,-50.520893097695705,-108.07537555513235,-158.92848739820985,187.6358530717958
139,-10.1,-7.4,-17.2,-15.0,-10.6,-10.0,-9.3,-8.9,-11.0,-12.7,-11.9,-12.3,-12.6,-10.9,-9.3,-9.2,-7.1,-7.1,-7.1,-6.0,1.9036130458959377,34.71785471872043,77.40677631384494,116.0035485751285,-5.050026535897931,-43.568679189487725,163.93868575128565,187.33107555513243,70.97778125461845,102.07770779051633,17.19926206513071,-38.771442431536784,18.148188601028494,-48.7386277387163,-54.48084977794707,-137.4182955033326,-49.09070779051612,-108.57537555513235,-157.36670943744045,188.2044457253856
140,-10.0,-7.3,-17.3,-14.8,-10.8,-10.4,-9.5,-9.3,-11.0,-13.6,-12.0,-12.1,-12.3,-11.2,-9.7,-8.3,-8.0,-6.8,-7.6,-7.2,0.8789203923061422,34.72185471872042,78.27677631384495,116.7488412287183,-5.661126535897932,-44.84941918948772,162.52828575128564,186.22897555513242,72.30078125461846,103.20570779051633,18.045854718720477,-39.075849777946985,17.374595947438706,-47.932442431536714,-54.85944243153689,-138.4042955033326,-47.7973004441059,-107.1691902479528,-158.16489474462003,187.36466776461623
141,-10.2,-7.3,-17.0,-15.5,-10.9,-10.5,-9.3,-9.3,-11.6,-12.4,-12.5,-13.0,-12.6,-11.6,-9.7,-8.7,-8.0,-7.9,-7.2,-6.8,0.8324203923061475,35.409854718720425,78.43677631384494,115.55884857512851,-5.995226535897931,-45.32341918948772,161.03069309769586,185.58237555513242,73.25137390820824,104.71848575128571,16.60785471872049,-40.23862773871636,16.000410640259133,-46.744442431536726,-53.804849777947084,-137.1882955033326,-47.26070779051611,-105.89778290154257,-159.72089474462,186.5008530717958
142,-9.8,-7.4,-17.8,-15.6,-11.0,-10.6,-10.2,-9.9,-11.8,-13.5,-13.5,-13.2,-13.5,-11.6,-9.9,-9.1,-7.7,-6.8,-6.7,-5.7,1.7886130458959428,36.59685471872042,77.56777631384494,114.8531485751285,-4.94222653589793,-44.98551918948772,162.33688575128565,185.32907555513242,72.34855921538782,104.21489309769592,16.053076757951104,-41.53881304589598,16.666003293848917,-46.20222039230609,-53.39344243153688,-138.201858012569,-46.7133004441059,-106.23378290154258,-161.13030209103025,187.184260418206
143,-9.5,-7.4,-17.7,-15.5,-11.0,-11.0,-9.9,-9.6,-11.9,-13.8,-13.7,-13.6,-14.2,-12.3,-10.6,-9.4,-7.7,-7.2,-7.2,-6.7,3.2009130458959447,35.775854718720424,76.41918366025514,115.6117485751285,-6.191326535897932,-43.93942653589793,162.81298575128565,186.13016820872218,72.07196656179805,105.55430044410615,16.88807675795111,-43.09162773871637,16.649410640259134,-47.62044243153673,-53.036035085126684,-137.6212955033326,-45.9513004441059,-106.52578290154258,-162.22548739820982,188.10426041820602
144,-9.7,-7.5,-18.3,-15.8,-11.3,-11.2,-10.3,-10.5,-12.3,-13.6,-13.4,-13.6,-13.7,-13.0,-10.2,-9.3,-7.8,-6.1,-8.0,-6.0,2.462213045895936,34.25526206513065,76.65518366025513,115.9474412287183,-5.674626535897932,-45.052126535897926,164.33177840487542,186.15936820872219,73.17455921538783,106.35607840487552,16.89766941154089,-42.15622039230617,17.35559594743873,-48.55203508512652,-52.38803508512669,-136.6164808105122,-46.12670779051609,-106.10559759436302,-163.70089474462003,189.6410383789754
145,-9.5,-7.4,-18.4,-15.8,-11.4,-11.6,-10.0,-9.8,-11.9,-13.8,-14.3,-13.8,-13.9,-12.4,-11.0,-9.3,-8.5,-8.3,-7.7,-7.1,3.712413045895943,33.861262065130646,77.13877631384494,114.4901485751285,-6.540726535897932,-45.21081918948772,164.95507105846522,187.15556086231197,72.66896656179804,105.40748575128573,17.828262065130673,-42.26822039230616,16.167410640259135,-47.755220392306086,-52.423442431536884,-135.2522955033326,-45.39411513692633,-106.87837555513241,-164.7224873982098,189.1364457253856
146,-9.4,-7.4,-17.9,-16.3,-11.7,-11.7,-10.9,-10.4,-11.8,-13.6,-14.3,-15.2,-14.7,-11.4,-11.7,-8.7,-7.0,-7.5,-7.3,-6.8,2.7253130458959447,33.52726206513064,77.64559100666534,115.9568485751285,-7.63002653589793,-46.22361918948772,165.22117840487545,186.58126086231198,73.18015186897765,105.89848575128573,18.323040025900042,-43.33803508512659,17.541817986669344,-48.83222039230611,-51.96203508512667,-135.9038881569224,-45.533707790516104,-105.44919024795286,-165.03767270538938,188.4370383789754
147,-9.5,-7.5,-18.5,-16.6,-11.5,-11.8,-10.9,-10.4,-12.9,-15.0,-14.6,-15.8,-14.7,-12.0,-10.1,-9.3,-7.4,-8.0,-8.6,-7.1,3.775313045895942,34.203262065130644,76.94159100666533,115.2479485751285,-6.828526535897932,-45.683726535897925,164.66277840487544,185.99436086231196,73.03715186897765,105.35707840487552,17.87385471872045,-44.591405699485776,17.18922533307955,-50.38599835307548,-52.71903508512668,-136.1652955033326,-45.02470779051612,-104.00659759436306,-165.6280800517996,188.53203837897541
148,-9.5,-7.4,-18.3,-16.9,-12.1,-11.8,-10.5,-10.5,-11.8,-15.0,-14.2,-16.4,-15.3,-11.8,-10.8,-9.5,-8.0,-8.6,-7.6,-6.9,4.698113045895937,34.060262065130644,75.54959100666534,114.6007485751285,-7.6304338823081395,-44.88162653589793,165.39137840487544,187.01085351590177,72.91674452256743,106.67426371205511,17.00904002590005,-46.0296277387164,16.691410640259164,-50.21922039230611,-53.47022039230626,-136.1192955033326,-45.54711513692632,-102.57600494077329,-165.4654873982098,189.4834457253856
149,-9.4,-7.4,-18.4,-16.6,-11.9,-12.5,-11.3,-10.8,-12.7,-15.6,-15.3,-16.1,-15.0,-13.2,-11.3,-9.7,-8.3,-8.6,-7.5,-7.5,3.719913045895936,34.78926206513064,75.81540569948575,115.14454857512851,-6.439033882308138,-43.92012653589793,165.16977105846522,186.36465351590175,74.05715186897764,105.63126371205512,16.740447372310257,-44.61681304589598,15.232040025899977,-51.297405699485694,-52.36144243153689,-136.62888815692241,-45.98370779051612,-101.65959759436308,-165.68308005179958,189.5426310325652
150,-9.4,-7.4,-18.7,-17.2,-12.2,-12.6,-11.2,-10.8,-12.9,-15.9,-15.3,-16.7,-15.8,-13.8,-10.3,-9.6,-8.5,-7.9,-7.3,-7.1,4.5204130458959355,35.66726206513064,76.39059100666535,116.0890412287183,-5.941533882308139,-43.809433882308134,164.65397105846523,186.27565351590175,74.37174452256743,106.01907840487551,17.693040025900046,-44.05481304589597,15.785225333079552,-51.1498130458959,-50.95503508512668,-136.0124808105122,-46.87030044410588,-101.86859759436308,-164.35189474462,189.0234457253856
151,-9.3,-7.3,-19.0,-17.9,-12.4,-12.6,-11.5,-11.0,-12.6,-16.8,-16.1,-17.1,-16.6,-14.3,-12.0,-9.4,-8.1,-8.7,-7.8,-8.2,5.1787130458959325,35.76826206513064,75.84059100666533,117.5422412287183,-6.127633882308139,-44.23423388230813,164.9419710584652,185.65585351590175,74.1453371761572,107.46067105846531,18.27504002590004,-42.55322039230616,16.576410640259155,-52.3888130458959,-49.88503508512669,-137.039073464102,-45.92370779051612,-103.33159759436307,-162.85830209103025,189.19522368615497
152,-9.2,-7.4,-18.7,-18.4,-12.5,-12.7,-12.1,-11.0,-13.2,-17.6,-15.9,-17.7,-16.5,-14.0,-12.7,-9.5,-7.9,-7.5,-8.1,-7.5,4.90881304589594,36.71126206513064,76.38699835307555,116.2085485751285,-5.169741228718344,-43.859333882308135,164.4656710584652,184.57546086231199,74.06433717615721,108.92767105846531,18.093632679489843,-43.38399835307554,16.668595947438746,-51.0438130458959,-49.598220392306274,-137.64207346410197,-44.50670779051612,-102.03978290154262,-163.98567270538942,189.93603837897538
153,-9.1,-7.4,-19.0,-18.7,-12.4,-13.5,-12.0,-11.7,-13.4,-16.0,-16.3,-18.8,-16.2,-14.5,-12.4,-9.8,-8.4,-8.2,-8.1,-7.3,6.116313045895936,36.82626206513065,75.67359100666533,114.68734857512851,-5.9038412287183455,-43.69504122871834,163.9907710584652,183.771160862312,75.1085224833368,108.21667105846531,19.395632679489836,-44.15981304589596,17.203225333079587,-51.77922039230609,-50.98303508512669,-136.48107346410197,-44.615115136926335,-102.11659759436307,-163.57948739820986,189.52481633974475
154,-9.1,-7.5,-20.0,-18.7,-13.0,-13.9,-12.4,-11.1,-14.1,-18.3,-16.7,-18.4,-16.6,-14.9,-12.6,-10.2,-8.6,-8.9,-7.7,-7.9,5.631213045895933,36.48426206513065,77.03099835307556,115.5686485751285,-7.358133882308138,-43.51163388230813,165.539163712055,182.36145351590176,73.60292982974701,106.8748563656449,19.110817986669417,-43.585405699485776,17.95441064025917,-50.710813045895904,-51.16562773871648,-135.39707346410196,-44.48511513692631,-102.27159759436307,-164.87189474462008,190.62703837897539
155,-8.9,-7.4,-20.3,-19.1,-13.2,-13.8,-12.8,-12.0,-14.0,-17.9,-17.4,-19.0,-19.1,-15.6,-12.5,-11.8,-9.2,-8.2,-8.6,-7.9,5.084413045895943,36.66426206513064,76.39299835307555,115.9456485751285,-7.388333882308139,-42.57274857512855,166.011063712055,181.020260862312,72.75492982974703,107.00126371205512,20.05981798666943,-43.47462773871639,18.903225333079575,-49.565998353075486,-52.39803508512668,-134.1232955033326,-45.789707790516104,-103.28478290154263,-165.42548739820987,190.05981633974477
156,-9.0,-7.5,-20.0,-19.7,-13.0,-14.2,-12.6,-12.3,-14.5,-17.5,-17.4,-18.7,-16.4,-14.8,-13.2,-10.8,-8.9,-9.3,-8.3,-8.2,4.633620392306142,37.37126206513065,74.96440569948575,115.6532412287183,-6.0079412287183445,-41.47225592153875,165.780763712055,182.1328535159018,73.67052248333681,105.6898563656449,20.735817986669417,-43.58422039230618,18.25041064025919,-49.68681304589589,-53.29822039230626,-132.8812955033326,-46.57430044410589,-104.43019024795285,-166.21589474462007,189.14022368615497
157,-8.8,-7.4,-20.4,-20.1,-13.8,-14.6,-13.3,-12.2,-14.7,-16.8,-19.2,-21.2,-19.1,-16.5,-12.2,-11.2,-9.1,-9.2,-8.3,-8.2,3.610420392306139,37.29126206513065,76.10040569948575,115.39844857512851,-5.467541228718346,-42.60454857512855,166.61975636564478,180.76395351590176,74.29411513692659,106.92104167282449,21.687225333079653,-42.252627738716384,19.59463267948979,-48.76540569948567,-53.47022039230626,-131.9588881569224,-45.53811513692631,-104.47859759436307,-166.04289474462007,190.08340899333456
158,-8.9,-7.4,-20.6,-20.5,-13.9,-14.7,-13.8,-13.0,-15.3,-19.1,-18.7,-19.6,-17.2,-16.8,-13.5,-10.5,-9.0,-9.3,-9.4,-8.4,3.2484203923061443,38.11526206513065,74.63040569948575,114.7775485751285,-4.280748575128552,-41.76795592153876,167.9779563656448,180.05665351590176,75.29170779051637,106.87544901923471,22.092225333079654,-43.65222039230619,19.43422533307958,-49.3724424315367,-52.491220392306275,-133.3752955033326,-47.097893097695675,-103.67919024795285,-165.2847094374405,190.06481633974477
159,-8.7,-7.5,-20.6,-20.1,-13.7,-14.9,-13.9,-12.8,-14.9,-18.9,-19.8,-23.0,-20.8,-15.3,-13.9,-12.2,-9.0,-9.6,-9.0,-8.8,4.288320392306147,37.39926206513064,73.24781304589597,114.9594485751285,-5.789948575128552,-40.649363267948964,166.5755490192346,179.36474616949155,76.48130044410615,108.30004167282448,23.089595947438823,-44.66984977794702,20.369854718720404,-50.18022039230608,-51.41881304589607,-134.73748081051218,-48.37570779051609,-105.11741228718347,-165.0503020910303,191.23840899333453
160,-8.8,-7.4,-20.6,-21.3,-14.6,-15.4,-14.6,-13.2,-14.7,-20.5,-18.9,-21.6,-19.8,-14.9,-16.8,-11.7,-9.3,-11.6,-8.6,-9.8,4.522420392306145,38.63426206513064,73.45622039230616,115.5146485751285,-6.453148575128552,-41.96756326794896,167.36774901923457,178.61905351590178,77.11230044410615,109.8454490192347,24.58318860102861,-44.773591006665356,19.292410640259163,-51.20681304589587,-51.87362773871649,-134.3888881569224,-49.079115136926305,-106.60900494077325,-164.50670943744052,190.03981633974473
161,-8.9,-7.4,-20.7,-21.6,-14.7,-15.5,-14.9,-13.6,-15.6,-19.7,-20.5,-22.1,-18.9,-18.9,-15.4,-12.5,-10.9,-10.1,-9.7,-10.2,4.6205203923061475,38.11926206513064,73.63840569948576,115.14405592153871,-7.400048575128551,-42.15626326794896,168.67654167282433,179.17074616949157,77.13730044410613,108.7500416728245,24.196373908208216,-43.290220392306196,19.35959594743875,-50.28581304589588,-51.4572203923063,-133.2688881569224,-49.7091151369263,-107.77278290154263,-163.80511678385074,191.54281633974475
162,-8.9,-7.5,-21.1,-22.7,-14.9,-16.5,-15.0,-13.3,-16.0,-21.6,-20.2,-26.0,-21.0,-18.1,-16.0,-11.4,-10.9,-11.5,-10.5,-9.9,5.9212203923061395,39.42726206513065,74.96081304589596,114.9949412287183,-8.260848575128552,-42.85616326794896,167.37104901923456,177.840460862312,76.83907840487552,108.9664490192347,22.876188601028616,-44.77722039230619,18.511003293848972,-50.32222039230608,-50.53359100666546,-131.82988815692238,-50.877300444105884,-107.16981963359368,-162.91393147667117,189.99840899333452
163,-9.0,-7.5,-21.5,-22.7,-15.1,-17.1,-14.9,-13.8,-16.3,-21.3,-21.1,-26.9,-18.6,-19.0,-17.5,-12.9,-12.4,-11.7,-10.7,-11.6,5.342920392306141,38.989262065130646,76.51622039230617,115.2526412287183,-9.718041228718345,-43.73605592153876,168.46204167282434,178.30174616949154,75.32789309769592,108.38422698000409,21.63059594743882,-46.033035085126585,17.27459594743874,-51.5522203923061,-51.17781304589607,-130.9932955033326,-52.110485751285495,-107.02778290154262,-163.17530209103035,190.4210869541039
164,-9.0,-7.6,-21.6,-23.5,-15.1,-17.3,-16.0,-13.6,-16.6,-22.1,-22.7,-26.4,-21.7,-20.8,-17.5,-11.8,-11.8,-12.4,-11.2,-12.5,4.966420392306148,38.29526206513064,77.46922039230617,114.40826326794891,-10.534448575128552,-45.18526326794896,169.50142698000394,178.97933882308132,76.60267105846529,107.82081963359386,21.29974452256738,-44.614368967434714,17.287003293848954,-50.20844243153671,-50.195442431536904,-131.7487028497428,-53.57589309769571,-108.43237555513241,-164.4271167838508,188.90259430051412
165,-8.9,-7.6,-21.0,-24.1,-16.2,-17.3,-16.0,-14.5,-16.5,-23.4,-22.1,-28.1,-22.7,-22.3,-19.2,-14.2,-10.7,-14.2,-11.6,-13.5,4.546320392306143,38.867262065130646,78.12581304589595,115.90325592153872,-10.996148575128553,-46.39097061435916,169.28433432641415,178.80433882308134,77.37467105846531,106.76481963359387,22.588151868977604,-44.43981304589596,15.937595947438751,-49.5390350851265,-50.5656277387165,-130.30388815692237,-54.287707790516095,-107.78559759436303,-164.8067094374406,189.56181633974475
166,-9.0,-7.6,-22.4,-25.1,-15.8,-18.1,-16.1,-14.9,-16.2,-23.9,-24.8,-26.1,-23.2,-19.2,-17.4,-13.9,-11.5,-12.9,-12.0,-12.3,3.3236277387163398,37.929262065130644,78.40299835307553,114.48636326794892,-11.952448575128551,-46.27007061435917,168.92551963359375,177.83774616949154,78.1276710584653,108.33078290154282,21.545151868977598,-43.53407181717762,15.804225333079586,-50.568035085126496,-49.7744424315369,-129.0648881569224,-52.93011513692633,-108.1701902479528,-166.0301167838508,190.5460016469243
167,-9.3,-7.7,-21.8,-25.5,-16.1,-18.7,-17.0,-15.3,-17.5,-24.9,-23.8,-32.0,-23.6,-21.7,-18.3,-14.6,-14.1,-14.8,-12.3,-13.1,4.858620392306136,38.77026206513065,77.29981304589595,115.1940632679489,-13.041578575128552,-47.83167061435917,167.55833432641415,178.4959314766711,77.13426371205509,108.72759759436323,21.79955921538783,-44.339849777946995,15.076410640259184,-50.23240569948568,-50.61662773871649,-129.36708005179966,-53.88411513692631,-109.09322698000383,-167.46470943744058,191.63125756846307
168,-8.9,-7.6,-22.5,-27.1,-16.8,-18.4,-17.7,-16.3,-16.7,-24.9,-23.3,-28.2,-26.1,-23.8,-19.7,-15.1,-13.9,-13.6,-12.3,-13.6,6.077220392306145,38.87826206513064,76.39781304589593,115.06137061435913,-11.777148575128551,-47.22698530717959,166.54873432641415,177.2491167838507,77.65126371205508,109.61259759436325,22.103552627690192,-43.96325712435721,13.976003293848976,-49.12566447076735,-50.93622039230628,-127.92351754256325,-53.43389309769569,-109.2180049407732,-168.52911678385078,192.6741869541039
169,-9.0,-7.7,-22.6,-26.9,-16.6,-19.7,-18.0,-16.5,-17.2,-24.8,-21.7,-47.0,-27.6,-23.7,-19.6,-17.4,-15.0,-16.0,-11.9,-14.3,5.368120392306139,38.40426206513065,76.95222039230613,114.98037061435913,-11.500645921538759,-46.08369265358979,165.18502698000395,176.78793147667113,78.93704167282445,109.64674616949176,23.303744522567456,-45.465998353075534,14.466003293848956,-50.650664470767325,-50.93222039230629,-128.18170284974283,-54.42830044410593,-109.89337555513237,-167.8427094374406,191.31822368615494
170,-8.9,-7.7,-23.0,-27.1,-17.5,-20.2,-19.0,-16.3,-17.5,-28.3,-24.9,-57.0,-25.6,-28.2,-19.7,-17.1,-14.4,-13.1,-13.0,-15.5,4.864820392306143,38.349262065130645,75.50003508512657,115.71605592153871,-12.41221592153876,-47.497699999999995,166.08571228718353,177.43811678385066,79.22122698000405,109.18456086231222,24.061929829747044,-46.49100284974285,13.563003293848965,-49.39244243153671,-51.656849777947116,-129.47470284974284,-53.47370779051613,-109.91022698000381,-169.00393147667117,192.7730016469243
171,-9.0,-7.7,-24.0,-31.1,-18.0,-20.6,-19.0,-16.3,-18.4,-26.5,-25.2,-49.8,-23.6,-26.7,-21.0,-17.4,-15.9,-17.8,-15.4,-16.4,4.695420392306147,37.706262065130645,74.80144243153676,114.55177796076933,-12.875085614359172,-46.4495,166.99589759436313,178.56711678385068,78.03822698000405,110.34093147667139,22.562923242049408,-45.66259100666534,14.398373908208129,-47.87147916358775,-53.0176277387165,-129.16611019615306,-53.13470779051613,-108.42241228718339,-167.46893147667117,193.4911869541039
172,-9.1,-7.9,-24.1,-33.1,-17.9,-20.3,-20.5,-16.9,-18.2,-25.3,-24.7,-37.4,-33.1,-29.8,-26.9,-20.5,-16.7,-15.8,-16.7,-18.7,5.104220392306146,37.27526206513065,74.27503508512658,115.53277796076934,-12.517873267948966,-46.499029385640824,165.75141228718354,178.88070943744046,77.78681963359384,108.99729550333288,21.22829385640857,-44.667799803846876,13.416367320510489,-47.85784977794691,-53.37022039230628,-128.58648739820987,-51.98730044410593,-107.41200494077319,-167.11433882308137,193.42657960769367
173,-8.9,-8.0,-24.7,-34.4,-19.0,-22.8,-20.0,-17.8,-18.2,-26.9,-23.0,-34.5,-26.4,-25.0,-23.6,-19.2,-17.4,-18.0,-15.3,-18.9,5.603520392306137,36.28026206513064,75.51122039230614,116.63922203923056,-12.433323267948966,-45.28562203923062,165.43349759436313,178.43430209103025,76.89622698000406,108.74751754256351,21.038515895639193,-45.13552488897349,12.364589359741103,-48.820442431536705,-52.80840569948586,-129.73925877128158,-51.74455921538757,-108.74241228718338,-168.2353388230814,192.45712818282223
174,-9.0,-8.0,-24.3,-33.5,-18.8,-22.8,-21.6,-19.1,-19.9,-28.0,-28.3,-28.6,-28.8,-34.8,-23.8,-20.3,-18.4,-18.0,-16.0,-20.3,4.698120392306137,35.76626206513065,76.62381304589594,116.57040734641016,-11.596348614359172,-46.58224407846123,164.6532902479529,178.47289474462002,77.29141228718365,109.09207346410227,21.001849777947328,-45.66637226128357,13.386373908208157,-49.24762773871629,-51.571739581794,-128.17411678385068,-52.78833717615694,-108.85963432641401,-167.4639682087222,194.02205022205285
175,-9.2,-7.9,-24.7,-39.7,-19.7,-22.6,-21.1,-18.7,-17.6,-28.6,-23.7,-34.3,-30.5,-35.1,-25.8,-18.9,-19.5,-21.6,-20.0,-19.8,5.612920392306137,36.52626206513065,77.22322039230616,117.54096326794891,-12.074403614359172,-45.14566611769186,166.0033755551325,177.9960800517996,78.00259759436324,108.96111019615331,20.185886509998355,-44.919131032565225,11.872283660255292,-49.48570120281835,-51.10355427461441,-128.1517028497428,-52.22155921538757,-109.77578290154258,-167.3393388230814,194.82178410436097
176,-9.1,-8.0,-25.1,-36.3,-20.7,-24.9,-20.8,-19.1,-20.0,-26.7,-24.0,-28.8,-33.1,-36.4,-33.5,-22.7,-18.8,-19.5,-20.6,-22.2,5.754220392306138,36.65126206513065,78.56122039230615,118.97511019615304,-11.559335307179587,-45.60768815692248,166.59615351590188,176.69367270538936,78.87481304589619,110.06803673205124,19.348071817177924,-44.61705756846316,13.119810196153225,-48.26109879718136,-51.10966447076751,-128.4816661176918,-53.22715186897736,-110.2830049407732,-168.84552413026097,194.24203552923245
177,-9.0,-8.1,-26.6,-43.0,-21.6,-24.0,-23.9,-18.8,-19.2,-26.9,-25.0,-27.1,-27.2,-31.5,-32.6,-26.5,-28.2,-21.2,-21.0,-27.8,6.443313045895934,38.13385471872043,78.24600494077319,120.53056086231192,-11.673182653589793,-46.041095503332684,166.24415351590187,176.73267270538938,79.92040569948598,110.86825877128186,19.98766447076774,-45.27267960769379,14.333924888973641,-47.348672261283426,-52.41451754256339,-127.24870284974281,-51.93378125461817,-108.738597594363,-167.55274616949154,195.538420836412
178,-9.2,-8.3,-26.4,-35.8,-22.0,-23.5,-23.9,-20.5,-19.5,-26.5,-23.5,-23.6,-27.4,-30.8,-36.9,-32.2,-25.7,-31.4,-22.0,-32.3,6.65411304589594,38.98385471872042,77.06262773871637,121.75456086231193,-11.958575307179586,-45.21501754256332,167.43633882308143,177.23926535897917,79.28359100666557,110.91522203923083,20.7176277387167,-45.73047226128358,15.146220392306333,-46.84150899333446,-52.47984977794712,-126.68548739820986,-53.361781254618165,-108.1130784048753,-167.63856086231198,195.45414737230996
179,-9.5,-8.3,-26.3,-36.9,-21.7,-24.1,-24.1,-19.7,-18.9,-26.5,-25.9,-23.6,-32.5,-37.8,-27.4,-34.4,-27.3,-26.8,-29.3,-29.9,6.398413045895936,37.564854718720426,76.17703508512658,121.32337555513237,-12.993585307179586,-46.76233223538373,167.43348739821,177.85604331974855,79.91099835307578,111.55184857512876,19.578627738716705,-44.47743837897544,16.04993223538385,-47.410328182822184,-54.009833882308214,-126.91251754256325,-53.46829385640825,-107.0451902479528,-168.61198290154258,195.8243665617977
