Zenith(Degree),GaindB(50MHz),GaindB(100MHz),GaindB(150MHz),GaindB(200MHz),GaindB(250MHz),GaindB(300MHz),GaindB(350MHz),GaindB(400MHz),GaindB(450MHz),GaindB(500MHz),GaindB(550MHz),GaindB(600MHz),GaindB(650MHz),GaindB(700MHz),GaindB(750MHz),GaindB(800MHz),GaindB(850MHz),GaindB(900MHz),GaindB(950MHz),GaindB(1000MHz)
0.0,-15.08313,-17.70008,-22.37012,-20.15333,-32.01703,-18.90617,-17.0244,-20.21588,-18.99131,-23.12263,-22.95035,-19.06977,-28.0495,-32.33805,-25.38967,-27.79368,-31.12689,-24.88541,-29.63689,-26.60268
1.0,-15.70983,-17.92468,-22.40112,-20.20333,-34.90153,-18.70937,-16.8246,-18.40398,-19.21331,-22.19543,-22.67295,-17.22797,-30.9695,-29.85595,-29.04127,-26.77798,-25.49949,-32.21961,-27.38449,-32.45628
2.0,-15.53383,-17.95948,-23.06802,-20.67353,-38.08283,-18.92807,-17.6035,-18.67958,-17.55011,-21.32333,-21.08185,-18.42767,-23.8924,-23.17145,-27.62887,-23.43818,-24.73779,-29.57541,-31.41159,-28.35048
3.0,-15.96313,-18.17068,-22.85442,-20.00723,-34.15913,-18.82377,-16.976,-19.46958,-19.24611,-22.46363,-21.29295,-19.95487,-26.5094,-26.27355,-22.33947,-22.69688,-23.77199,-29.18681,-28.75079,-24.62138
4.0,-15.38683,-18.28548,-21.20802,-20.11213,-34.53723,-18.27287,-17.7739,-19.24158,-19.37701,-25.69433,-20.54415,-17.71237,-31.6512,-22.24145,-25.16677,-22.46908,-23.87079,-26.06821,-27.88639,-29.08278
5.0,-15.69273,-17.85038,-21.84782,-19.91493,-37.46273,-18.12357,-17.3449,-20.03918,-19.57381,-24.71703,-21.43785,-18.45207,-24.7143,-22.58895,-24.61267,-29.74578,-23.35619,-27.44511,-25.14899,-30.25758
6.0,-15.71193,-18.31678,-21.33252,-19.13903,-38.52093,-18.02507,-17.6917,-19.02858,-19.19441,-23.12293,-20.17345,-17.29267,-26.7365,-21.47675,-25.96947,-29.45578,-22.69189,-33.69191,-21.62929,-26.86038
7.0,-15.17773,-18.21868,-21.51032,-19.96203,-41.12163,-17.37497,-16.7534,-18.43548,-19.11831,-23.24143,-20.00395,-20.00127,-26.1398,-21.23195,-25.98407,-21.50538,-25.46209,-26.17681,-30.00219,-24.31128
8.0,-15.08253,-18.33508,-21.25122,-19.86153,-46.74843,-17.43897,-18.0525,-18.99588,-20.57531,-25.91203,-18.96835,-19.36017,-21.9458,-20.86075,-22.33287,-35.19618,-23.40739,-31.68551,-21.52529,-23.27608
9.0,-15.10483,-18.22328,-20.58122,-19.83643,-44.30983,-17.15837,-17.8182,-18.98638,-20.55691,-24.72133,-20.94685,-23.71627,-25.344,-25.94135,-24.19797,-28.52978,-22.08719,-30.03021,-25.46539,-27.01338
10.0,-15.21503,-18.10608,-20.49112,-20.62613,-37.75663,-17.18387,-17.6847,-18.92248,-21.56941,-23.98093,-21.51525,-20.45467,-21.0845,-25.11985,-25.73067,-28.10768,-25.20889,-25.15541,-30.41099,-33.95108
11.0,-15.39513,-18.26468,-20.49282,-19.48373,-42.38533,-16.16387,-16.9076,-20.11938,-22.37751,-29.04463,-19.89125,-24.03267,-28.9875,-24.35065,-36.02217,-39.15218,-28.05109,-41.79761,-30.33599,-27.26638
12.0,-15.09123,-18.12658,-19.90042,-20.06213,-47.38723,-16.67277,-17.4353,-20.19488,-21.13781,-26.78513,-22.07305,-22.20987,-22.8856,-27.97915,-37.39807,-33.02248,-22.96649,-32.35221,-23.75599,-24.78748
13.0,-14.96393,-18.01338,-20.14402,-20.02403,-43.32543,-16.13927,-17.9948,-19.84388,-21.78901,-28.06653,-23.24055,-23.17347,-26.6749,-27.41765,-36.24497,-30.80898,-23.05159,-32.13181,-22.93279,-31.93818
14.0,-14.75103,-18.36838,-20.39792,-19.79493,-35.86093,-16.24097,-17.3827,-19.81608,-22.04081,-28.05473,-22.80655,-27.18997,-27.0884,-28.46535,-36.99887,-31.78658,-20.83409,-25.89881,-31.72959,-23.22868
15.0,-15.09693,-18.39118,-19.18602,-20.39683,-40.24053,-16.22577,-18.0336,-19.03168,-23.14371,-29.96683,-21.26285,-23.47877,-29.5214,-28.95755,-41.82207,-26.98428,-22.50449,-26.27401,-29.11439,-31.70378
16.0,-15.01663,-18.46548,-20.11512,-19.76633,-44.98933,-15.90967,-17.89,-20.07288,-22.50791,-26.92183,-22.80605,-21.59387,-29.3628,-23.90365,-27.83337,-35.12808,-21.31829,-26.56751,-38.65309,-19.01308
17.0,-15.18523,-18.15658,-19.28112,-20.27153,-39.19883,-16.73597,-17.6503,-21.76468,-21.49311,-26.84453,-21.64715,-19.28327,-25.2444,-26.20685,-30.79397,-52.37438,-21.12699,-39.81161,-35.66809,-31.50088
18.0,-14.83703,-17.71008,-18.81142,-19.69903,-36.32353,-15.63887,-17.6252,-20.45248,-21.72471,-30.51743,-21.39195,-22.52627,-29.6514,-29.07975,-29.53457,-28.04968,-21.95289,-31.05001,-38.35279,-28.74198
19.0,-14.43323,-18.05388,-18.90912,-20.30983,-39.94903,-15.56397,-17.3235,-21.65128,-22.87861,-31.47093,-23.00565,-22.84307,-27.5641,-30.71045,-31.08217,-28.30298,-26.99919,-30.49271,-30.87889,-30.67218
20.0,-14.75903,-17.85108,-18.66552,-19.60903,-37.28383,-15.64907,-17.1171,-22.21858,-25.73071,-28.69243,-20.99025,-19.75927,-29.4848,-27.60395,-29.70557,-22.99768,-20.56049,-30.19701,-24.37369,-17.90858
21.0,-14.80723,-18.67618,-18.56312,-21.04573,-35.47663,-15.43237,-17.3112,-20.18788,-25.08761,-31.05973,-22.61575,-23.33517,-29.6847,-26.84755,-30.89327,-25.02878,-21.63689,-21.72031,-23.47319,-19.78648
22.0,-14.93193,-18.26908,-18.98822,-20.49183,-35.71463,-16.02187,-17.2942,-21.79978,-23.59481,-27.20183,-20.65845,-19.02237,-24.3775,-21.80855,-32.13437,-31.65228,-24.65799,-28.48101,-36.62259,-21.62978
23.0,-15.03833,-18.34228,-18.46492,-20.32433,-35.42623,-15.62997,-18.0002,-21.81888,-25.20941,-29.84183,-22.59925,-21.23597,-26.4051,-25.97675,-26.06877,-23.98538,-22.15269,-27.27531,-35.59629,-27.91048
24.0,-14.88693,-18.28748,-18.12092,-20.77513,-31.41853,-14.64657,-18.0857,-23.58718,-27.89581,-29.67023,-22.53385,-20.09177,-22.707,-25.31185,-35.68237,-21.76648,-23.75109,-33.80651,-31.55049,-26.95798
25.0,-14.78803,-18.06268,-18.54642,-21.78503,-36.56943,-14.81947,-17.6517,-21.85048,-26.42181,-25.65133,-22.54505,-20.29967,-24.1356,-21.60645,-32.71097,-24.77478,-25.22879,-29.50441,-24.53289,-20.31278
26.0,-14.74483,-18.15518,-17.70952,-20.79303,-31.93353,-15.29127,-17.772,-21.99298,-28.32641,-27.71073,-21.08795,-19.57217,-19.8207,-21.87525,-36.84077,-26.32958,-25.56709,-33.41281,-27.47349,-29.32948
27.0,-14.38793,-18.82648,-17.86442,-21.88903,-31.47323,-15.05217,-18.189,-26.08568,-27.60101,-26.46213,-21.45745,-19.38177,-22.1033,-23.15015,-33.03597,-23.93998,-33.84709,-30.96671,-24.30769,-19.80828
28.0,-14.99683,-18.68578,-17.42722,-20.68693,-34.28103,-15.51037,-17.5477,-22.74748,-24.69731,-25.37633,-20.58055,-19.33267,-20.734,-23.99425,-29.54457,-24.70178,-24.30159,-22.61251,-26.90899,-21.45078
29.0,-14.26463,-18.86258,-17.56862,-21.34743,-32.42933,-14.71847,-18.3742,-23.50338,-24.06491,-25.29343,-23.92315,-21.15907,-21.7937,-24.54345,-29.14107,-26.08858,-23.39179,-23.41971,-41.26769,-23.12198
30.0,-14.31573,-18.96498,-17.30792,-21.15913,-30.90603,-14.94607,-19.2476,-24.98628,-26.70071,-22.49753,-22.30605,-20.00607,-21.8935,-26.67925,-30.10247,-30.40208,-23.82739,-30.23691,-28.19659,-25.84708
31.0,-14.54493,-18.95268,-17.44912,-22.15873,-30.04293,-14.81717,-18.7567,-26.19078,-26.27141,-22.28333,-23.49575,-20.13847,-21.5627,-25.90885,-27.25567,-31.38318,-20.07959,-39.12311,-47.37469,-31.12548
32.0,-14.56423,-18.94868,-17.13232,-22.26593,-28.96923,-14.98447,-17.6565,-27.20828,-25.90071,-22.55713,-24.36425,-23.05247,-19.7978,-27.46655,-41.03047,-34.64118,-21.53669,-23.04091,-29.20399,-26.21798
33.0,-14.52293,-18.92448,-17.16932,-22.18553,-31.58403,-14.93457,-18.2138,-25.78478,-24.89971,-22.36493,-21.74665,-20.96427,-23.2028,-25.81875,-35.60107,-30.44208,-20.95639,-27.93911,-28.89049,-37.16198
34.0,-14.37583,-19.24498,-17.27302,-21.70683,-29.95403,-14.46177,-19.2878,-29.10888,-25.08181,-22.88683,-22.65305,-23.21067,-21.0795,-31.61825,-36.74937,-28.88558,-23.97449,-30.98501,-36.95489,-20.29158
35.0,-14.21733,-19.07488,-16.98252,-23.65473,-32.76903,-14.60157,-18.4844,-32.79668,-24.20891,-20.81623,-22.94865,-24.62987,-22.429,-26.78155,-31.10257,-27.57648,-21.99049,-20.03761,-31.62759,-27.68248
36.0,-14.49323,-18.88028,-16.91782,-22.14473,-31.56353,-14.60897,-20.2774,-30.58538,-27.80981,-20.76053,-23.57795,-22.28867,-20.8264,-26.21095,-29.63457,-42.98838,-18.27199,-28.80901,-25.25149,-29.91748
37.0,-14.39063,-19.10208,-16.77962,-23.30713,-29.00513,-15.16677,-18.8896,-30.26788,-23.14801,-20.79343,-24.06255,-28.15607,-23.3016,-29.22285,-28.79407,-29.47118,-20.51549,-26.08661,-35.81479,-21.51578
38.0,-13.90403,-18.83178,-16.83312,-22.69143,-31.27813,-14.99957,-19.558,-27.68318,-21.63761,-22.05673,-26.01405,-23.17967,-26.3452,-29.26895,-24.84897,-36.20548,-21.94509,-26.33371,-21.21299,-26.86958
39.0,-14.18523,-19.35118,-16.86792,-22.25933,-32.76723,-15.09537,-19.8471,-28.77898,-23.76231,-23.36953,-22.11115,-28.82577,-24.5608,-28.75985,-25.81437,-24.27478,-24.77579,-26.72061,-31.47549,-25.28598
40.0,-13.70293,-19.30038,-16.67552,-22.73333,-31.86823,-14.96677,-20.1954,-27.54608,-20.79081,-21.17313,-26.23625,-23.80647,-24.2206,-36.63775,-32.09117,-36.42768,-19.43649,-25.43441,-21.67679,-24.39018
41.0,-14.11893,-19.26818,-16.55132,-24.69703,-31.16563,-15.32747,-19.6881,-25.38898,-22.59701,-19.70593,-25.51755,-27.61077,-25.9114,-27.54665,-27.35517,-26.42708,-19.05799,-23.43031,-27.15709,-24.24028
42.0,-13.97683,-19.80778,-16.34132,-23.43483,-30.51853,-15.37367,-19.3955,-29.13278,-20.09031,-20.65453,-25.86695,-24.33947,-25.9817,-33.27215,-24.70127,-26.42698,-17.43689,-23.18661,-29.11679,-23.97608
43.0,-14.03003,-19.63328,-15.86332,-23.64093,-28.72193,-15.37687,-19.6032,-27.49738,-22.74891,-19.81213,-28.76905,-26.08817,-26.4378,-37.62705,-27.28717,-26.96558,-21.07309,-21.38641,-20.34899,-26.04888
44.0,-13.58493,-19.80068,-16.42862,-24.70553,-29.85443,-15.22737,-20.3701,-31.46178,-19.52501,-21.18893,-28.10775,-27.48087,-29.3345,-28.73665,-26.25707,-25.80028,-24.29359,-26.28131,-23.92349,-25.77178
45.0,-13.80773,-19.55668,-16.09832,-25.18593,-30.18723,-15.37187,-20.4198,-28.85848,-19.84661,-21.06283,-26.86975,-26.34727,-27.1582,-27.49495,-23.66307,-34.99298,-20.58999,-23.29101,-16.91039,-31.64928
46.0,-13.92733,-19.79958,-16.08092,-25.42913,-31.10713,-15.43657,-20.9205,-28.24518,-20.37711,-21.54593,-30.58165,-22.49997,-30.8111,-36.24475,-36.74267,-31.83368,-18.63759,-23.47011,-22.23679,-22.26828
47.0,-13.58323,-19.56118,-16.07992,-25.18053,-31.14513,-16.00657,-20.8864,-24.86428,-20.25911,-21.16313,-25.94815,-24.44877,-32.1977,-33.08685,-29.96857,-29.16338,-17.66929,-19.23351,-20.16989,-22.10828
48.0,-13.68433,-20.21308,-15.98052,-25.90463,-31.05853,-15.96837,-21.9296,-27.32758,-19.46841,-21.30473,-26.31115,-22.71417,-31.4679,-26.68645,-38.69617,-25.98298,-22.26519,-27.57241,-31.85849,-26.32908
49.0,-13.49093,-19.92608,-15.62272,-26.08383,-31.31353,-15.61997,-20.8485,-26.94988,-20.13591,-19.85183,-29.90765,-27.57967,-28.2414,-24.75445,-35.99567,-27.36578,-19.78919,-21.58831,-20.51489,-25.03648
50.0,-13.57273,-19.82888,-15.43752,-25.64783,-33.49283,-16.14007,-20.8857,-26.47488,-19.81781,-20.49983,-27.26145,-24.70257,-34.1103,-36.50045,-36.25897,-45.19348,-19.82849,-23.06751,-22.05779,-24.49598
51.0,-13.35513,-19.82718,-15.62872,-25.67723,-32.46173,-16.32357,-21.3826,-27.36068,-19.30001,-22.64883,-24.66175,-23.86227,-26.1664,-25.58065,-38.73167,-32.07958,-20.73219,-22.20181,-22.65499,-27.47758
52.0,-13.37303,-20.46798,-15.84122,-26.05743,-30.78493,-16.67667,-20.0044,-28.16458,-18.07901,-21.78823,-27.44195,-22.37297,-34.1323,-37.50275,-29.30997,-31.18808,-20.59289,-23.09181,-27.12229,-22.29448
53.0,-13.31133,-20.50628,-15.44592,-25.71633,-33.33483,-16.59917,-19.9369,-27.91538,-18.77191,-22.24223,-26.23945,-20.62157,-31.3844,-32.35535,-45.63647,-32.14068,-15.45689,-19.62751,-23.83899,-29.52738
54.0,-13.19163,-20.98238,-16.05152,-25.85183,-30.03103,-16.67857,-20.2128,-26.20098,-19.47391,-21.00993,-23.14055,-21.79677,-34.5861,-26.08455,-33.20667,-27.15788,-20.85129,-24.34571,-24.95919,-33.59358
55.0,-13.60363,-20.79798,-15.61462,-25.93523,-31.54603,-17.06087,-21.2686,-28.95388,-19.83461,-23.20873,-21.41015,-24.06987,-33.4732,-29.63005,-32.13507,-50.50538,-19.52429,-22.62011,-24.41629,-28.55918
56.0,-13.14353,-21.13028,-15.38792,-27.78593,-33.07323,-16.71957,-21.2299,-26.50758,-18.69481,-24.19043,-27.74585,-21.52957,-36.3888,-28.78595,-32.25677,-26.04138,-20.34979,-28.05351,-36.49929,-23.78108
57.0,-13.14183,-20.66158,-15.68582,-28.60163,-32.90633,-17.04427,-21.2741,-25.65258,-18.28911,-22.21603,-24.17365,-21.69707,-31.7035,-38.75815,-31.49317,-25.94378,-18.54309,-26.32431,-22.70649,-31.02388
58.0,-13.00783,-20.76298,-15.88792,-27.26253,-30.98313,-17.34727,-20.5841,-27.21178,-19.07341,-23.46383,-24.18085,-24.95497,-31.325,-26.69845,-26.21177,-27.15858,-20.57819,-25.09371,-21.36759,-22.55978
59.0,-13.10063,-20.57278,-15.57142,-29.42353,-30.53593,-17.35337,-19.1267,-29.06428,-18.88991,-22.77193,-24.84445,-25.83667,-30.4177,-29.78125,-29.69207,-28.89198,-20.96089,-21.11231,-22.16139,-27.54038
60.0,-13.09473,-21.65628,-15.87692,-27.39833,-34.48923,-18.28707,-19.4824,-26.01118,-17.77251,-23.38683,-24.91335,-23.65177,-33.9468,-25.65975,-27.65957,-25.80238,-19.43639,-23.31181,-27.53149,-31.43168
61.0,-13.12713,-20.87928,-15.67362,-27.62903,-32.20393,-18.40977,-19.1444,-28.12288,-18.45911,-25.71523,-23.49345,-24.99897,-33.2856,-24.23435,-34.73117,-25.98268,-18.76809,-31.43571,-31.56769,-38.11878
62.0,-13.28233,-21.07518,-15.83512,-28.52293,-32.88933,-18.00417,-19.5603,-25.45738,-18.48171,-24.15073,-21.96315,-24.82697,-38.919,-24.72425,-44.98617,-21.29558,-19.69459,-26.37211,-29.43239,-26.21728
63.0,-12.72933,-21.42678,-16.01572,-27.93943,-31.24643,-18.89007,-19.2421,-26.39818,-17.77041,-25.18493,-25.12125,-29.21267,-28.133,-27.20315,-29.39627,-21.74338,-19.85999,-32.17461,-34.12649,-24.11658
64.0,-12.76763,-21.79168,-15.68692,-27.94053,-33.03653,-18.87657,-18.8578,-25.69978,-18.20771,-26.26503,-23.24845,-23.57617,-28.6225,-22.14745,-24.66037,-23.10718,-19.53139,-32.60211,-24.37939,-27.17068
65.0,-12.90793,-20.98798,-15.71222,-27.33983,-31.89033,-18.97687,-18.3089,-25.53058,-19.56521,-25.21283,-21.61175,-26.20557,-33.5392,-22.33745,-24.76097,-22.16508,-20.60209,-21.57211,-27.03909,-33.01698
66.0,-12.92913,-20.70958,-15.43472,-29.31133,-31.22753,-18.34947,-18.9914,-27.38618,-18.44761,-25.48633,-23.08525,-23.42597,-31.5918,-22.17705,-28.52277,-20.47068,-20.21989,-26.57181,-28.53349,-21.81048
67.0,-12.50093,-21.23048,-15.72952,-28.43553,-31.70713,-20.13407,-18.0465,-27.03158,-18.16861,-24.73103,-22.18215,-25.35017,-26.7298,-21.71815,-26.85817,-19.76368,-21.85729,-24.30521,-29.20859,-27.75308
68.0,-12.33653,-21.91618,-15.93642,-28.75943,-30.09263,-19.56187,-18.2029,-28.43208,-17.79191,-26.63043,-24.49155,-25.81227,-30.4443,-21.81455,-25.97607,-21.20558,-20.70449,-29.31881,-23.12519,-20.40788
69.0,-12.52223,-21.60278,-15.91182,-28.78923,-33.70603,-18.57297,-18.1156,-25.71608,-17.83041,-24.10883,-23.52645,-26.12127,-28.0966,-20.86595,-29.77357,-19.17038,-24.84619,-27.06641,-20.71619,-24.77668
70.0,-12.50713,-21.83068,-16.00472,-28.21213,-32.06823,-19.77347,-17.6211,-25.13978,-19.34351,-26.26993,-23.41325,-24.25817,-24.9716,-20.07945,-26.84717,-22.04788,-26.05799,-35.10541,-32.46709,-27.56368
71.0,-12.68223,-21.68868,-15.67802,-27.94023,-29.86083,-19.45147,-16.9435,-25.12328,-17.58511,-25.01903,-23.38815,-25.64317,-26.3835,-21.24335,-25.66667,-18.88758,-21.25189,-30.32281,-27.81229,-19.88948
72.0,-12.38223,-21.79258,-15.85912,-27.99353,-28.87793,-20.61867,-17.6365,-27.36538,-18.13891,-26.35213,-23.94215,-28.93377,-27.0925,-19.55745,-24.44037,-19.59708,-24.64389,-22.00731,-21.95989,-22.89238
73.0,-12.44853,-22.18318,-16.02962,-29.01943,-31.36093,-20.00277,-16.7285,-26.98988,-17.52971,-26.72733,-27.46215,-28.74917,-23.1819,-20.68835,-22.73267,-18.30078,-24.53709,-24.54121,-24.11429,-23.66368
74.0,-12.58903,-22.13418,-16.05572,-28.17513,-29.63733,-21.18387,-17.8527,-26.20038,-17.82501,-26.66953,-27.24885,-29.20527,-23.3662,-19.14775,-21.77907,-16.90258,-19.92399,-26.69441,-25.06729,-30.89968
75.0,-12.55863,-21.65898,-16.53272,-27.99523,-29.93963,-21.26677,-17.0377,-25.25658,-18.22351,-27.52373,-29.15345,-27.02727,-25.4076,-20.68615,-21.63837,-19.28288,-23.53799,-24.85721,-34.16859,-32.12558
76.0,-12.67293,-21.84748,-16.28592,-27.85063,-28.31643,-20.94557,-16.5685,-29.30958,-18.72561,-25.83383,-26.08355,-22.97747,-23.6151,-20.32025,-27.70587,-16.84798,-23.42269,-29.89881,-26.37529,-28.51908
77.0,-12.60633,-21.38358,-16.16512,-27.86133,-28.56053,-23.02017,-17.1836,-25.56038,-18.90961,-26.27393,-26.73975,-25.29217,-22.5679,-20.18365,-22.46307,-18.06768,-18.55919,-27.61711,-23.56609,-25.47588
78.0,-12.59643,-22.06498,-16.04732,-27.25293,-30.00483,-22.50917,-16.5043,-29.61708,-18.93331,-24.91913,-26.43115,-22.83597,-23.758,-19.47845,-20.85337,-17.74468,-22.63829,-28.82531,-20.94879,-28.89138
79.0,-12.80093,-22.37848,-16.39322,-28.08683,-27.67323,-21.28727,-16.6514,-26.79838,-18.47831,-26.91853,-29.37385,-22.70597,-22.7641,-19.93135,-19.44937,-17.21618,-21.88639,-24.97161,-31.14299,-33.01038
80.0,-12.55343,-21.69458,-15.81102,-27.85743,-27.90473,-22.42947,-15.9052,-27.87718,-18.16881,-28.40813,-27.66605,-22.13357,-19.543,-20.78885,-20.67887,-20.75168,-20.57139,-25.35381,-27.47259,-23.85028
81.0,-12.66583,-21.84448,-16.61252,-27.18693,-28.31593,-23.03017,-16.507,-29.01768,-18.21751,-28.71893,-29.37995,-25.52757,-23.7125,-20.05395,-17.72327,-19.02658,-20.67169,-31.46981,-23.89159,-28.49028
82.0,-12.64813,-21.59958,-16.69512,-26.62243,-29.92603,-23.42027,-15.6784,-29.03988,-19.27001,-27.17293,-29.17625,-24.99497,-22.1823,-18.39405,-22.45187,-17.28178,-19.46829,-30.31731,-44.29029,-21.18398
83.0,-12.79363,-22.42918,-16.75242,-26.17663,-27.99773,-23.93377,-15.9768,-25.61598,-20.55891,-26.41903,-38.57605,-23.51467,-21.8855,-18.64125,-20.41037,-18.13708,-20.40809,-32.94671,-26.34239,-17.48598
84.0,-12.61363,-22.27368,-16.70882,-27.13403,-29.17973,-22.20957,-15.6213,-25.85558,-18.13401,-28.96403,-33.72305,-21.54337,-20.9559,-17.92205,-20.86437,-17.99148,-21.65249,-23.82991,-26.69799,-21.46808
85.0,-12.40363,-22.06148,-16.66172,-25.64533,-30.13233,-23.47927,-16.0658,-26.22158,-19.18641,-26.73853,-38.31425,-23.83407,-21.8537,-21.93285,-19.40567,-17.44068,-17.85129,-33.09221,-28.09789,-33.47348
86.0,-12.77353,-21.90088,-17.05782,-25.86523,-28.30453,-23.74137,-15.3427,-26.42558,-20.65631,-26.57513,-33.38625,-23.73337,-20.4839,-20.11455,-19.93367,-16.83928,-16.67839,-24.39271,-33.87299,-25.25678
87.0,-12.61163,-21.88078,-16.40942,-25.30513,-33.75873,-24.44077,-15.603,-25.92148,-19.07941,-26.17813,-36.71415,-21.94037,-22.0746,-18.46235,-19.57677,-18.20768,-18.68569,-25.90021,-31.41149,-23.61818
88.0,-12.42903,-21.63578,-16.77152,-25.78493,-30.11733,-24.24617,-15.8332,-30.12208,-19.85121,-29.91543,-32.30655,-21.98097,-20.1644,-17.40995,-20.53367,-20.45078,-19.17589,-24.38041,-39.67749,-26.16318
89.0,-12.38423,-21.51198,-16.40432,-25.40253,-30.92233,-24.04257,-15.416,-26.60148,-19.40201,-30.65413,-36.00615,-24.63367,-17.8762,-17.94185,-19.29997,-16.56358,-20.05119,-32.31741,-27.23069,-26.72338
90.0,-11.78403,-21.84628,-17.02662,-26.29933,-33.06563,-24.28397,-15.7198,-27.14928,-20.66001,-26.86343,-34.76275,-21.87557,-18.2379,-18.08395,-20.35037,-16.41858,-20.63909,-28.19311,-30.66519,-33.41568
91.0,-12.27373,-22.15008,-17.34232,-24.72583,-29.75603,-24.76457,-15.5148,-29.16948,-21.07661,-25.55333,-36.27125,-22.42727,-19.2088,-18.98645,-21.95967,-18.27008,-21.65689,-28.83311,-32.04079,-29.47558
92.0,-12.67503,-21.74178,-17.07972,-25.60753,-31.33003,-23.91747,-15.427,-27.36078,-19.55551,-25.18853,-36.09825,-21.15387,-18.1592,-17.83125,-18.14867,-17.88218,-17.43429,-41.27661,-29.87289,-25.55668
93.0,-12.44493,-21.41898,-16.74882,-24.18833,-30.38713,-24.74167,-15.4434,-28.99118,-19.71681,-24.68583,-34.51425,-22.03627,-21.8411,-18.64155,-19.91707,-18.91228,-21.34219,-30.95681,-26.44839,-24.58948
94.0,-12.54913,-20.71818,-16.89142,-23.77343,-29.31443,-25.65007,-14.9883,-26.48158,-21.07631,-23.56263,-36.84805,-19.25037,-18.7551,-19.11405,-18.25537,-17.87758,-17.83879,-41.73341,-24.49849,-29.61638
95.0,-12.65673,-21.78928,-16.80982,-24.43863,-31.74513,-26.60367,-15.1988,-28.02728,-21.68981,-25.43193,-44.13795,-24.20387,-20.4133,-18.00285,-16.77077,-18.05128,-18.77169,-27.95161,-23.95929,-29.95998
96.0,-12.47083,-21.09908,-17.11532,-23.57303,-31.20383,-24.79867,-15.3206,-26.80148,-19.97291,-23.26283,-34.92165,-20.68187,-19.6033,-17.53975,-19.77767,-19.90068,-17.76419,-28.67131,-29.81699,-26.93348
97.0,-12.47203,-20.42388,-16.65992,-23.09653,-29.20873,-26.61837,-15.8033,-25.97858,-21.57801,-25.19233,-33.28965,-21.69317,-17.8919,-19.17445,-19.27867,-17.72118,-20.40579,-34.03361,-26.06539,-29.05968
98.0,-12.47473,-20.89438,-16.77672,-24.20273,-30.64733,-25.36287,-15.2429,-26.61588,-20.64921,-26.12303,-45.75265,-20.46987,-19.8916,-19.10885,-17.83557,-18.37388,-18.28879,-22.11191,-30.28029,-33.03118
99.0,-12.44963,-20.67228,-16.95782,-23.63783,-32.73153,-25.50777,-14.8285,-26.75058,-21.87291,-23.89393,-31.87745,-22.14227,-19.099,-19.14505,-19.23707,-17.27278,-21.73679,-23.12091,-25.23089,-27.69558
100.0,-12.82313,-20.87078,-16.80742,-24.18373,-32.45113,-27.19277,-15.3431,-26.03628,-21.68811,-24.31593,-34.83165,-20.19787,-19.8348,-20.72625,-18.53847,-18.35508,-18.14019,-25.89101,-30.80419,-32.26008
101.0,-12.63313,-20.35258,-17.15172,-23.09203,-37.09763,-26.34037,-15.4179,-23.51558,-21.75481,-23.28433,-32.47055,-19.80607,-18.1298,-21.42295,-20.31447,-19.36638,-21.12729,-22.30281,-21.51599,-28.10768
102.0,-12.64293,-20.09008,-17.11252,-23.13093,-32.79723,-26.52517,-15.0017,-25.72788,-21.53821,-22.38103,-34.13935,-21.07797,-18.4395,-19.19565,-19.56457,-18.17708,-21.21749,-25.55491,-24.62669,-37.21518
103.0,-12.66483,-19.62618,-17.43292,-22.99863,-35.22643,-26.14737,-14.7118,-22.64438,-21.69161,-24.24873,-37.64705,-19.73407,-19.9823,-18.25465,-23.65677,-17.96338,-18.54029,-23.77831,-22.57599,-30.14088
104.0,-12.87033,-20.32448,-17.16922,-23.50633,-33.74463,-25.93747,-15.3686,-22.55578,-21.85341,-22.83273,-42.77755,-20.55337,-17.4659,-18.60785,-23.15837,-18.91918,-20.64239,-22.65301,-25.26799,-28.82988
105.0,-12.70453,-19.31968,-17.22342,-22.41773,-31.20703,-27.92417,-15.7012,-23.75018,-21.90361,-23.81923,-38.00085,-21.44787,-19.5752,-21.11525,-22.36167,-18.59128,-19.13679,-28.66651,-20.75429,-27.29878
106.0,-12.84513,-19.31758,-16.92462,-22.54533,-33.97243,-25.32497,-15.0082,-22.26898,-22.94831,-22.95723,-37.41075,-21.48807,-17.3346,-19.18805,-20.51027,-18.51538,-19.78519,-23.14051,-36.24959,-25.07898
107.0,-12.71353,-18.94898,-17.70852,-22.29813,-36.64573,-28.26757,-15.1187,-23.42208,-23.05721,-21.55373,-29.50265,-21.23517,-20.2188,-19.34205,-20.91467,-18.66328,-21.11809,-24.73231,-26.56469,-34.23118
108.0,-12.80633,-19.28258,-17.78342,-22.77453,-33.78933,-27.02547,-14.8533,-21.19458,-25.00691,-22.88063,-30.74495,-18.86357,-19.4774,-17.12335,-21.22707,-16.43198,-18.21249,-20.20851,-21.14189,-22.42818
109.0,-12.93093,-19.27258,-17.73562,-22.73943,-44.04073,-27.96767,-15.3206,-23.16748,-22.47631,-22.51153,-31.11345,-25.97537,-18.9521,-19.04025,-21.26427,-18.83258,-18.05049,-27.62691,-19.58739,-24.76198
110.0,-12.70493,-18.84718,-17.76262,-21.38263,-38.26813,-28.08977,-15.6752,-20.67368,-24.30611,-21.71073,-34.57515,-20.96707,-19.0648,-20.19905,-22.55837,-18.13828,-20.22709,-20.30741,-21.63749,-33.20328
111.0,-12.74013,-18.36878,-17.54102,-22.34803,-35.21233,-26.58307,-15.6305,-22.95638,-23.14571,-22.51573,-31.28395,-21.24997,-17.5776,-18.98575,-24.25397,-18.94408,-23.67559,-17.56401,-22.43719,-31.06888
112.0,-12.61893,-18.78508,-16.57252,-22.32593,-35.15513,-24.53807,-15.4037,-22.04658,-25.71951,-21.76853,-37.10085,-22.84287,-19.168,-20.16165,-26.98297,-16.29578,-21.90739,-22.75391,-21.18559,-26.88038
113.0,-12.46563,-18.76668,-17.53232,-22.35323,-35.83443,-28.33557,-16.0457,-21.89168,-23.27991,-21.45613,-30.73095,-21.79777,-18.7296,-19.06805,-27.39377,-17.22088,-22.96259,-22.08961,-23.45529,-36.29588
114.0,-12.70043,-18.06548,-16.64142,-21.91143,-32.36643,-27.48117,-16.4744,-22.07158,-25.15121,-21.34533,-26.43825,-22.07307,-19.2336,-20.23655,-28.84537,-18.42888,-23.28989,-20.34421,-19.16769,-29.59168
115.0,-12.47793,-18.62638,-17.65232,-21.36293,-34.77613,-28.95277,-16.7406,-21.62878,-27.92891,-22.13553,-27.98855,-21.80017,-19.5664,-20.33075,-22.32587,-18.99788,-23.20239,-19.71331,-20.55619,-25.81568
116.0,-12.48993,-18.26168,-17.07582,-21.56683,-37.87313,-27.00127,-16.6939,-21.01108,-24.70301,-21.12443,-24.84215,-26.28577,-17.3151,-16.76025,-24.10557,-18.22498,-20.54049,-25.36291,-22.49629,-20.02868
117.0,-12.58873,-18.23258,-17.19632,-20.96353,-38.03463,-28.36387,-16.6178,-21.90938,-26.33331,-20.74433,-25.69475,-25.35877,-19.1825,-19.14585,-29.82177,-17.33828,-20.78449,-18.44481,-19.85689,-31.09268
118.0,-12.54913,-17.91778,-16.87052,-20.98943,-33.75293,-26.70017,-16.4446,-22.55428,-25.16731,-21.64243,-25.08945,-25.18097,-23.8962,-19.81975,-28.71347,-17.25388,-22.77789,-27.28411,-17.67449,-26.36978
119.0,-12.63733,-18.01048,-17.43942,-21.06903,-30.80623,-29.57177,-16.6768,-20.57018,-27.01021,-21.11603,-23.76485,-22.87127,-24.1074,-18.41335,-28.16857,-19.20238,-23.15619,-23.06671,-18.96429,-25.14408
120.0,-12.34573,-17.74728,-17.13582,-20.83573,-28.35743,-32.00427,-16.5884,-21.42538,-28.79411,-22.55403,-21.55295,-23.17357,-19.5204,-20.89985,-31.08807,-18.65318,-24.31729,-20.07131,-20.61889,-27.10068
121.0,-12.59953,-17.62308,-16.64012,-20.55963,-29.57073,-28.31927,-17.2377,-21.45698,-26.40671,-23.14773,-25.06235,-24.12937,-21.6428,-20.20615,-24.82757,-22.60608,-19.92619,-28.13171,-20.58069,-22.98278
122.0,-12.84933,-17.38918,-16.86142,-20.69613,-28.55593,-30.31907,-17.9992,-20.77508,-26.41181,-23.06713,-21.41795,-25.68377,-21.6377,-20.40075,-32.82127,-25.58538,-19.70789,-23.92851,-24.77239,-25.24838
123.0,-12.59603,-17.43568,-17.47242,-21.63563,-28.24353,-32.10117,-17.1813,-21.86568,-28.65041,-21.49833,-21.18245,-29.80947,-20.9112,-20.70515,-30.60647,-26.16098,-20.95899,-21.99741,-17.16969,-25.22568
124.0,-12.60603,-17.28148,-16.75102,-21.12053,-27.09593,-33.35947,-17.7466,-23.02428,-29.57451,-21.48803,-20.16895,-28.80357,-24.697,-19.70135,-26.34277,-23.53258,-18.01259,-29.47021,-20.08579,-29.87398
125.0,-12.79243,-17.07598,-17.22052,-21.62703,-26.40023,-33.98887,-18.4965,-23.45218,-28.64871,-21.99693,-21.14475,-29.52757,-24.7482,-23.35385,-26.79497,-23.09138,-23.14699,-23.80881,-17.69069,-27.53688
126.0,-13.20063,-17.18898,-17.29452,-21.15993,-24.80583,-34.33547,-19.6835,-23.41098,-28.46291,-20.58353,-19.07765,-24.89167,-25.6663,-21.54735,-29.21037,-20.64078,-23.00319,-22.82601,-23.11189,-30.98898
127.0,-12.69503,-16.68538,-17.53602,-20.90433,-25.21573,-33.43987,-19.9499,-21.01488,-28.72751,-22.10713,-19.36675,-29.78147,-29.2952,-20.72645,-34.35887,-21.86878,-20.69079,-24.02301,-22.48269,-24.20008
128.0,-13.06413,-16.50898,-17.53662,-21.39143,-24.64663,-37.52137,-20.4003,-22.68798,-27.62551,-22.55233,-19.48615,-37.87777,-29.6911,-21.34095,-27.04247,-21.30788,-17.12599,-17.66351,-19.73929,-25.71788
129.0,-12.99483,-16.63178,-17.48912,-22.28093,-23.11443,-37.14057,-20.6584,-23.10498,-28.59031,-22.44393,-18.67905,-43.43567,-25.7863,-22.18285,-28.05907,-23.61138,-19.68779,-19.76441,-22.09279,-31.54998
130.0,-12.73373,-16.86138,-17.70292,-20.70683,-22.91533,-31.17517,-20.0674,-23.00858,-25.87101,-20.01833,-19.86055,-31.34597,-31.1266,-22.16915,-27.58717,-19.55378,-21.86929,-24.93331,-22.48109,-24.21938
131.0,-13.05703,-16.37018,-17.60772,-20.57353,-23.10763,-29.44547,-21.2218,-22.70138,-28.25661,-22.15103,-16.74185,-32.12547,-44.6528,-23.40735,-28.85847,-23.50718,-20.67729,-24.21871,-24.98829,-31.07068
132.0,-12.93983,-16.43988,-17.21032,-20.48323,-21.72163,-29.28197,-21.4106,-25.51718,-27.50031,-24.62803,-16.64935,-52.63437,-31.0514,-23.45285,-24.05377,-21.48438,-22.01659,-20.64761,-23.53899,-33.85058
133.0,-12.86593,-16.41818,-17.61372,-21.52843,-22.26883,-27.04597,-22.6252,-24.98788,-30.02651,-22.15323,-16.74025,-32.72827,-30.9724,-22.41955,-36.60777,-20.50778,-16.62409,-20.69161,-18.54919,-35.43738
134.0,-12.89023,-16.25978,-17.83562,-21.76043,-20.20763,-27.84507,-22.6542,-24.48408,-27.82021,-23.61443,-16.08045,-27.34677,-38.3743,-25.80355,-25.65547,-21.30918,-15.82589,-21.00661,-22.53559,-23.97678
135.0,-12.94583,-16.14928,-17.43792,-21.07633,-20.54363,-24.94647,-24.5945,-24.43578,-26.88521,-24.56103,-15.31455,-28.34487,-28.9181,-27.50675,-23.96177,-23.15668,-16.99849,-20.15831,-26.28529,-22.94288
136.0,-13.18163,-15.95228,-18.07502,-21.68383,-20.72033,-24.23167,-22.4701,-30.45618,-34.34221,-22.46013,-16.52195,-30.78037,-45.1542,-25.38745,-32.16977,-22.67518,-16.62869,-21.33791,-21.38179,-31.12478
137.0,-12.98383,-15.99818,-18.58702,-21.33403,-19.82383,-24.57197,-24.0062,-29.88478,-28.09251,-23.08443,-15.60845,-25.45687,-31.5145,-28.56805,-28.23417,-19.51208,-20.48379,-22.67841,-21.61579,-29.59208
138.0,-12.98633,-15.69488,-17.51752,-21.47593,-19.31493,-23.08037,-24.4361,-28.80058,-27.67691,-25.89553,-15.29185,-26.32247,-31.5055,-27.85665,-26.13247,-19.80798,-17.18029,-18.79091,-21.68509,-25.60418
139.0,-12.91263,-15.61218,-18.86582,-20.71193,-19.27413,-22.19217,-25.8258,-40.38958,-28.16381,-26.12623,-15.70295,-26.19667,-34.6715,-30.08805,-26.28167,-24.24408,-16.59139,-19.50571,-20.25509,-19.15838
140.0,-12.92253,-15.46218,-18.10622,-21.61073,-19.10503,-21.12127,-24.5445,-35.46338,-26.84471,-23.56993,-14.84015,-23.99437,-27.1833,-31.94115,-34.47267,-21.01688,-18.69139,-18.30911,-21.50639,-28.22928
141.0,-13.24983,-15.22728,-18.63982,-21.27093,-17.75063,-20.08537,-24.5018,-34.17488,-24.09091,-21.59473,-14.81875,-23.59467,-36.3339,-30.54345,-23.34377,-20.40178,-15.78429,-22.90041,-21.28169,-22.45908
142.0,-12.89633,-15.12258,-18.34382,-20.63143,-18.32173,-19.77787,-23.9333,-36.02828,-27.76181,-22.62863,-14.97005,-21.94127,-35.5948,-39.46625,-34.32537,-18.41578,-18.52829,-22.84521,-27.09409,-23.10588
143.0,-12.89403,-15.33108,-18.30142,-22.11153,-17.69763,-19.71487,-22.2912,-41.21068,-26.39721,-23.90043,-15.32365,-24.67597,-31.2632,-37.51575,-28.08107,-19.25098,-16.50309,-22.96161,-19.41369,-18.89418
144.0,-13.07703,-14.83458,-18.56222,-22.09123,-17.73003,-18.69177,-20.9417,-30.77858,-27.91531,-23.23783,-15.47285,-21.59717,-25.6566,-34.63195,-26.68067,-19.00538,-17.69539,-22.55891,-24.92289,-19.51088
145.0,-12.85123,-14.92058,-17.71182,-20.91123,-17.10763,-19.31837,-21.0967,-36.00298,-24.55711,-25.22133,-15.74355,-20.00767,-22.4249,-34.53345,-28.10837,-20.82888,-16.77029,-33.30091,-21.31809,-22.14208
146.0,-12.99813,-14.83628,-18.53262,-21.52673,-16.96643,-17.83867,-21.0051,-32.78838,-25.33681,-24.13193,-14.82135,-20.36457,-21.2645,-33.19165,-32.69017,-22.06428,-17.22329,-22.82781,-27.49249,-25.69168
147.0,-13.12443,-14.85208,-18.45692,-21.35463,-16.77833,-17.44727,-20.0883,-32.02778,-26.39621,-24.36723,-15.49835,-20.78817,-21.5972,-29.14915,-36.41367,-21.46578,-20.92689,-27.67891,-22.52049,-19.17158
148.0,-13.01893,-14.80738,-18.46632,-22.42243,-16.50993,-17.94357,-19.3094,-33.47568,-28.19871,-26.28603,-15.04125,-18.83507,-21.0626,-33.99365,-39.58677,-21.86198,-21.46299,-32.08221,-41.54849,-20.50418
149.0,-13.24953,-14.75008,-18.33592,-22.23533,-16.79313,-17.67897,-17.954,-27.32098,-25.61961,-25.89763,-16.48565,-20.66507,-21.4432,-28.70475,-35.69547,-27.58078,-18.98369,-31.96061,-25.65979,-22.19538
150.0,-13.36193,-14.32088,-18.49122,-22.62573,-16.49723,-16.77337,-17.9699,-29.54598,-24.35501,-25.15883,-15.83925,-20.58077,-22.1874,-24.96275,-28.72067,-27.52088,-22.94179,-45.81231,-31.23389,-21.67198
151.0,-13.02633,-14.23638,-18.03422,-21.77393,-16.73053,-16.73817,-17.745,-24.42498,-24.70371,-25.03673,-16.74885,-18.87577,-23.7388,-22.42555,-29.73047,-24.04528,-24.59129,-33.47971,-28.43179,-28.11418
152.0,-13.21423,-14.53628,-18.52332,-21.80083,-16.32043,-16.23967,-16.5607,-22.36638,-24.24161,-24.23463,-16.68305,-19.07117,-23.9645,-26.19765,-23.40467,-25.28948,-22.64009,-28.19561,-25.46159,-24.51678
153.0,-13.16693,-14.24868,-18.49922,-21.55723,-16.07693,-15.61977,-16.4934,-25.02058,-23.65911,-26.93093,-17.26045,-16.88277,-20.8915,-26.73295,-26.48927,-31.67328,-22.10389,-28.73971,-27.52469,-18.73378
154.0,-13.17883,-14.24988,-18.06912,-21.75833,-16.46023,-15.08927,-16.2965,-23.38518,-26.77781,-29.50013,-16.64855,-17.67457,-19.8939,-21.83745,-23.53947,-28.51348,-26.91959,-24.98051,-20.60549,-23.56508
155.0,-12.86393,-14.17928,-18.46522,-21.90043,-16.42693,-15.03777,-15.9929,-22.83168,-24.05931,-30.60873,-17.90405,-18.34377,-24.4252,-21.94305,-26.04337,-32.32718,-21.26859,-25.49121,-23.69709,-35.48098
156.0,-13.13333,-14.04878,-17.99252,-22.33313,-16.56903,-15.06847,-15.708,-22.64198,-23.89491,-26.16833,-17.01285,-19.03237,-20.7805,-24.88885,-22.84097,-25.80888,-18.85699,-25.47581,-20.68799,-29.60168
157.0,-13.09323,-14.23448,-17.91122,-21.49643,-15.84793,-14.73497,-15.0049,-20.82388,-24.80511,-31.52223,-17.23155,-18.08737,-20.6901,-18.92165,-21.60747,-28.47428,-18.03669,-22.09521,-20.82039,-22.99108
158.0,-13.15913,-13.76368,-18.13512,-21.79953,-15.90413,-14.93117,-15.5206,-22.29308,-23.30071,-29.14243,-18.93505,-17.49167,-22.622,-19.52445,-22.76927,-23.58828,-20.22429,-19.15291,-22.68369,-25.00228
159.0,-13.16523,-14.00948,-17.55332,-22.25543,-15.84783,-14.74647,-14.6777,-20.10058,-25.85571,-27.50753,-17.90455,-18.03027,-22.9674,-20.11625,-20.68627,-21.89338,-17.85359,-18.49481,-18.85639,-21.69798
160.0,-13.23173,-13.78838,-16.80722,-22.10043,-16.23083,-14.67077,-13.7946,-21.28988,-24.22071,-28.97393,-18.58875,-17.33917,-23.997,-26.48365,-20.76787,-20.08448,-18.33399,-18.26091,-23.53119,-22.49828
161.0,-13.32223,-13.78208,-17.05872,-21.61753,-15.94373,-14.39087,-13.8183,-20.47058,-24.11891,-27.03993,-18.57695,-16.86717,-26.1325,-21.94015,-22.97907,-23.33388,-23.34169,-20.31021,-22.08609,-19.82328
162.0,-13.26903,-13.78358,-17.26872,-22.12213,-16.16193,-14.05697,-13.389,-20.79618,-26.20401,-27.06303,-18.73375,-17.39407,-21.135,-20.91305,-24.89777,-18.54848,-21.48549,-25.47481,-19.59399,-22.19278
163.0,-13.23833,-13.72058,-16.65762,-21.35573,-16.66493,-14.03477,-13.7886,-19.65728,-26.90791,-26.96613,-18.97205,-18.41027,-25.405,-21.88325,-17.42847,-18.52118,-18.41389,-18.24761,-20.69239,-17.25708
164.0,-13.06783,-13.67558,-16.71172,-21.75613,-16.32613,-14.22697,-13.5728,-19.30748,-23.37301,-29.32663,-18.69165,-17.95457,-25.1927,-20.33685,-20.08907,-20.69958,-20.77479,-25.19421,-30.61719,-23.92748
165.0,-13.25153,-13.73448,-16.91992,-20.69993,-16.25813,-13.93997,-13.2772,-19.38198,-25.94191,-25.87093,-19.17675,-18.29217,-23.5732,-21.40105,-18.87637,-18.83708,-21.32689,-20.39131,-17.61369,-22.12868
166.0,-13.24463,-13.51188,-16.68212,-20.93183,-16.80823,-13.56607,-13.4155,-20.64828,-25.14031,-26.01163,-20.50225,-19.40767,-24.0765,-22.23785,-21.27017,-21.21228,-27.71729,-24.42771,-26.54509,-20.73598
167.0,-13.04223,-13.63298,-16.58152,-20.69743,-16.62493,-13.62187,-13.0972,-18.76858,-23.10881,-25.10023,-19.17245,-17.83627,-20.5397,-20.53555,-22.59127,-23.71228,-25.72459,-22.67571,-21.86069,-34.70558
168.0,-13.15983,-13.45348,-16.51632,-20.64293,-16.78713,-13.35927,-13.3706,-19.82438,-23.74431,-26.12983,-20.00885,-18.38347,-20.9788,-21.48205,-22.17437,-21.90258,-26.49129,-35.18521,-23.13239,-32.56638
169.0,-12.61503,-13.21158,-16.24372,-20.58663,-17.52883,-13.43297,-13.3792,-19.94658,-24.28211,-26.90443,-19.15195,-19.07657,-22.788,-21.77335,-22.11437,-23.44508,-26.63469,-26.83201,-35.30369,-28.90468
170.0,-12.76243,-13.55028,-16.04022,-20.09893,-17.22093,-13.45627,-13.4602,-19.53098,-23.62251,-25.50563,-17.51215,-19.92597,-20.4496,-23.16955,-19.64867,-23.29888,-28.95199,-27.77101,-34.54489,-33.01078
171.0,-12.76283,-13.27798,-16.31232,-20.99593,-17.27613,-13.05517,-13.5796,-20.17978,-23.27021,-24.49253,-18.76585,-19.04487,-21.8697,-19.76125,-21.34377,-22.37978,-25.63029,-33.49131,-44.65049,-27.92868
172.0,-12.89683,-13.44858,-15.35732,-20.83323,-17.14953,-13.41787,-13.872,-18.68038,-22.40221,-22.74713,-18.27615,-20.01097,-22.0325,-18.94465,-18.88537,-19.92928,-25.71039,-27.33161,-34.65789,-23.21758
173.0,-12.47493,-13.17938,-15.60272,-20.31233,-17.20623,-13.12957,-13.5364,-19.65238,-21.45681,-22.77393,-17.12625,-20.29857,-22.2016,-18.47905,-18.49967,-20.57528,-20.54359,-24.45011,-20.95159,-22.89768
174.0,-12.72933,-13.23628,-15.52952,-19.73763,-17.65573,-13.02147,-13.3537,-19.46578,-23.54591,-22.26663,-17.50755,-19.81547,-19.7142,-18.18925,-18.34167,-19.53038,-21.72359,-23.26221,-30.70789,-23.72418
175.0,-12.60363,-13.23698,-15.04532,-19.61783,-17.55983,-12.49597,-13.673,-19.72898,-23.96701,-21.16453,-16.25045,-17.90657,-20.4758,-18.09275,-17.91847,-17.35998,-18.51069,-21.71311,-24.96679,-22.48788
176.0,-12.64353,-13.10558,-14.99382,-18.81773,-17.31403,-12.77527,-13.6392,-20.28478,-22.92551,-20.42473,-17.09855,-16.79747,-20.934,-18.73335,-15.80977,-16.41538,-16.76249,-22.21651,-22.61569,-20.21278
177.0,-12.41693,-13.27578,-15.08902,-19.04673,-17.83103,-12.63187,-13.4509,-20.67068,-22.23161,-21.96833,-16.97875,-17.17957,-21.2649,-17.27615,-16.49397,-15.03008,-17.15109,-19.94941,-23.13149,-20.44288
178.0,-12.56713,-13.35958,-14.58532,-18.46133,-17.55313,-12.41977,-12.9612,-19.81498,-22.03831,-18.91743,-16.91865,-19.55117,-21.2369,-16.95485,-18.50607,-15.52868,-16.50099,-23.55571,-21.51229,-18.13688
179.0,-12.54633,-13.16818,-14.27212,-18.28253,-16.80083,-12.31477,-13.544,-19.65558,-22.76171,-19.84953,-16.98775,-17.00797,-21.5053,-18.04805,-16.89137,-14.99768,-19.45929,-25.65861,-21.69479,-17.93408
180.0,-12.48613,-13.04718,-13.97652,-17.99503,-16.87633,-12.40697,-13.9537,-20.33598,-22.23841,-20.30953,-15.93495,-16.41517,-20.5097,-17.29155,-16.62787,-14.76968,-20.77049,-26.07261,-36.98759,-24.34208
181.0,-12.18913,-13.30478,-14.28542,-18.65613,-17.59003,-12.25167,-13.7915,-20.47928,-20.88821,-19.84123,-15.48325,-16.28467,-20.5539,-18.73165,-18.66967,-16.90368,-19.56599,-22.65401,-23.78579,-26.26618
182.0,-12.32093,-13.27228,-13.88012,-17.74513,-17.85343,-12.24827,-13.1757,-20.61338,-19.55221,-19.20563,-15.11815,-17.79327,-20.8121,-21.17285,-18.56457,-15.21928,-28.24879,-34.93551,-23.63369,-19.66098
183.0,-12.23123,-13.24018,-13.87282,-17.65023,-17.49613,-11.83327,-13.2701,-20.38868,-21.56581,-17.82573,-14.67895,-16.11157,-20.628,-20.26735,-18.55407,-18.51428,-23.24679,-19.27331,-20.63669,-18.85278
184.0,-12.43313,-13.30428,-13.64332,-16.73493,-17.51713,-11.66297,-13.1707,-19.62818,-20.03101,-17.32943,-14.63025,-17.54877,-24.8943,-18.32085,-18.06387,-20.00128,-26.47059,-23.76191,-22.77329,-23.24688
185.0,-12.29853,-12.99468,-13.30112,-17.00893,-16.96993,-11.53187,-13.1616,-24.51848,-21.41831,-20.79133,-14.07395,-18.91607,-22.3021,-18.61515,-19.38077,-20.54558,-27.43329,-31.16021,-21.13589,-25.16968
186.0,-12.05883,-13.07188,-13.33892,-16.70553,-17.05313,-11.34147,-13.4772,-23.49538,-20.26231,-18.14213,-14.32125,-17.20007,-22.6802,-21.49035,-19.78857,-22.08588,-20.63159,-19.06271,-18.47469,-20.88348
187.0,-11.91583,-13.42608,-13.11722,-16.88023,-16.79803,-11.28607,-12.8673,-22.19408,-18.73821,-17.62203,-13.80665,-17.09127,-21.9179,-23.56115,-18.98297,-22.70988,-23.97879,-22.71271,-19.06759,-20.38278
188.0,-12.21983,-13.06858,-13.06952,-16.29413,-17.34633,-11.34137,-12.8817,-22.09368,-20.20311,-17.13643,-13.68685,-17.19197,-20.9907,-20.27015,-21.01657,-22.41298,-24.42609,-16.89091,-20.32279,-17.25528
189.0,-12.29023,-13.18268,-12.72092,-16.15113,-16.67883,-11.40587,-13.4415,-22.26398,-20.19301,-17.26983,-13.35165,-17.91317,-18.9048,-20.07425,-16.58427,-19.59558,-21.75739,-18.08211,-17.93589,-17.37538
190.0,-11.82513,-13.44708,-12.61262,-15.89383,-16.04283,-10.88557,-13.2941,-21.55028,-19.87611,-17.54443,-13.23525,-17.38597,-18.5408,-21.02395,-18.48297,-19.88298,-19.13539,-17.50171,-19.12849,-18.85818
191.0,-11.80533,-13.31868,-12.31182,-15.70263,-16.30833,-11.07987,-12.6836,-22.77278,-19.57211,-16.69093,-12.56075,-17.15117,-19.7473,-18.52245,-16.20517,-19.17468,-19.46199,-19.33591,-18.90569,-18.41408
192.0,-11.91503,-13.44528,-12.25552,-15.64893,-16.30043,-10.85157,-12.8272,-22.09358,-19.38701,-16.26383,-12.86325,-17.66347,-19.9271,-17.04805,-16.78087,-18.42458,-19.09069,-17.08921,-21.55519,-18.43838
193.0,-11.91073,-13.53958,-12.33512,-15.36083,-15.93283,-10.75257,-12.7094,-22.75368,-19.03501,-16.03723,-12.28615,-17.19317,-17.7373,-17.14685,-14.93667,-16.92098,-20.36019,-18.57441,-23.01729,-17.32888
194.0,-11.66103,-13.65608,-12.13952,-15.18803,-16.15353,-10.69587,-12.8575,-24.38958,-18.31921,-15.41323,-12.34735,-16.39877,-16.4661,-16.92535,-15.38147,-18.36478,-16.94799,-19.61691,-16.22839,-18.31098
195.0,-11.61863,-13.47858,-11.99912,-15.31863,-16.12253,-10.88557,-12.3344,-24.10798,-17.83471,-14.93053,-11.36465,-17.23097,-18.1387,-18.61295,-14.87387,-19.46808,-20.63149,-17.95811,-19.28119,-22.71078
196.0,-11.55333,-13.64678,-11.61802,-15.12083,-16.07753,-10.72677,-12.4475,-23.12478,-17.75381,-14.43033,-11.75895,-16.23837,-18.8623,-14.61515,-14.83797,-16.13918,-21.14749,-20.63981,-18.63809,-17.31528
197.0,-11.67183,-13.66368,-11.71652,-14.63853,-15.25433,-10.44307,-12.1614,-23.57498,-18.00851,-13.83093,-11.98045,-16.13427,-16.5544,-16.88135,-14.50067,-15.97148,-27.21509,-19.29231,-20.00839,-20.19188
198.0,-11.37933,-13.65198,-11.59192,-14.87633,-15.99603,-10.47957,-12.3449,-22.01358,-16.34151,-14.65703,-11.43965,-16.38747,-16.899,-15.48385,-15.48507,-17.93748,-27.80649,-25.47971,-22.60159,-26.89888
199.0,-11.46373,-13.24478,-11.60972,-14.62443,-15.07483,-10.64597,-12.0703,-21.21898,-17.22511,-14.75653,-11.53665,-16.34737,-16.4312,-16.19255,-14.96857,-16.47948,-22.08469,-20.91111,-18.22199,-17.78368
200.0,-11.23923,-13.43398,-11.56992,-14.36213,-15.38583,-10.32847,-11.6972,-22.34498,-16.44231,-14.07973,-11.22645,-16.37267,-16.7736,-15.69005,-14.20127,-18.23698,-21.72969,-25.16651,-22.92249,-32.74218
201.0,-11.45943,-13.40668,-11.24102,-14.34613,-15.17973,-10.36877,-12.696,-20.98468,-16.48871,-13.12573,-11.36655,-15.86457,-18.6479,-14.97525,-15.87247,-17.60328,-23.59159,-25.44731,-21.42059,-15.16538
202.0,-11.31573,-13.51168,-11.26242,-14.28593,-15.42403,-10.33847,-12.3443,-20.00918,-16.75341,-13.52573,-11.56985,-16.20787,-18.15,-17.03455,-15.41837,-19.36688,-23.74239,-22.67901,-20.30689,-18.38318
203.0,-11.52453,-13.84098,-11.20502,-14.47343,-15.06473,-10.00987,-12.2102,-19.93818,-15.71201,-13.75113,-11.31305,-16.42197,-17.4418,-16.80065,-17.11017,-21.53488,-24.17199,-21.46431,-21.24109,-18.69598
204.0,-11.34083,-13.74468,-11.03292,-14.33523,-15.15543,-9.79087,-11.7717,-19.78338,-17.16321,-13.26983,-10.92725,-16.47567,-18.2386,-17.00875,-16.71027,-18.16248,-19.90609,-20.07791,-16.47629,-16.05168
205.0,-11.30603,-13.59678,-10.79302,-14.22673,-14.72833,-9.97777,-12.2223,-19.41608,-15.21691,-14.55133,-11.24895,-16.18157,-18.494,-16.51345,-17.22727,-17.47198,-20.16869,-18.74121,-15.98899,-13.62588
206.0,-11.05593,-13.97368,-10.94182,-14.10873,-15.24573,-9.91817,-12.0385,-18.30408,-16.19061,-12.76183,-11.70435,-17.14597,-20.3352,-16.95025,-16.89167,-19.29468,-18.08119,-20.52911,-19.51919,-14.86058
207.0,-11.17583,-13.76998,-11.10922,-14.41443,-15.30293,-9.90157,-11.9421,-18.04938,-15.97641,-13.86513,-11.30305,-16.81427,-19.819,-16.80995,-16.55797,-16.93868,-18.38869,-17.37491,-15.68659,-15.40838
208.0,-11.28513,-13.64748,-10.94542,-13.99393,-15.04313,-9.60807,-11.6368,-17.72638,-15.30061,-14.16863,-11.12225,-17.56147,-18.5998,-18.93345,-16.33297,-17.00398,-15.59749,-19.14711,-17.54169,-16.53638
209.0,-11.03413,-13.59838,-10.67592,-14.02803,-14.88823,-9.46017,-11.6987,-16.84978,-15.53381,-13.92353,-11.56465,-18.08137,-17.7152,-17.19075,-16.27327,-16.02528,-17.22929,-17.63751,-18.79139,-17.73058
210.0,-10.56883,-13.79658,-10.79152,-13.77503,-15.53263,-9.48947,-11.517,-16.39228,-16.25831,-13.59463,-11.95125,-18.37307,-18.6004,-16.19455,-15.68577,-14.59958,-17.81459,-17.99471,-18.72529,-16.86858
211.0,-10.75643,-13.88158,-10.76012,-14.25373,-15.25643,-9.34647,-11.7918,-16.60688,-15.84011,-14.26983,-12.31045,-19.27767,-18.2017,-15.92435,-15.45437,-16.02548,-18.26109,-16.27091,-16.44089,-22.45158
212.0,-10.69633,-13.94018,-10.56962,-13.90183,-14.77463,-9.39837,-11.8563,-16.47918,-15.55491,-13.97263,-12.46765,-17.77867,-16.4052,-15.92655,-14.91977,-14.79278,-19.75099,-17.69471,-17.60609,-20.12838
213.0,-10.63693,-13.93468,-10.68952,-13.96203,-15.04413,-9.24747,-11.8989,-16.35668,-16.85101,-14.21393,-12.61745,-20.09527,-18.6806,-18.20175,-14.90337,-14.87638,-22.75259,-21.56141,-17.26869,-20.05638
214.0,-10.65153,-14.21568,-10.62772,-13.90673,-14.83823,-8.98927,-11.4974,-15.36988,-15.78461,-15.08193,-12.89885,-20.37897,-17.7466,-14.56485,-13.70217,-13.91298,-24.24399,-19.64801,-18.04719,-21.20568
215.0,-10.60713,-14.03608,-10.53952,-14.01123,-15.02203,-9.06987,-11.5817,-16.04398,-16.04881,-15.49083,-13.22575,-19.19197,-16.3428,-15.20105,-14.45557,-14.76768,-28.93859,-16.97981,-17.77179,-17.25348
216.0,-10.63033,-13.66638,-10.18472,-14.10653,-15.25033,-8.99237,-11.4952,-15.26758,-16.85241,-14.24373,-13.05255,-18.90807,-16.9439,-17.05935,-13.02157,-13.17498,-31.04309,-17.94661,-19.00439,-22.91628
217.0,-10.50013,-13.93298,-10.36552,-14.08903,-15.20833,-8.77897,-10.8858,-15.39478,-15.87551,-14.96793,-12.86185,-21.23577,-15.6953,-16.08255,-14.16197,-13.00558,-31.68829,-18.25821,-20.20609,-19.74048
218.0,-10.46973,-13.79978,-10.39552,-14.01493,-14.88733,-8.55137,-11.3011,-15.07208,-16.37151,-14.04343,-12.77895,-18.54297,-18.5512,-15.35675,-15.29327,-14.86368,-22.28939,-17.51801,-18.78679,-16.62968
219.0,-10.34253,-14.08568,-10.30762,-14.12273,-15.02233,-8.53677,-11.0582,-15.43188,-17.18581,-14.97813,-12.98825,-21.96097,-16.2443,-15.44485,-13.79057,-14.37408,-26.90389,-16.92931,-22.97049,-17.02578
220.0,-10.13323,-13.85578,-10.14262,-14.06523,-15.90343,-8.56507,-11.2261,-15.52638,-17.21091,-15.39293,-12.50455,-19.87957,-15.6626,-15.27455,-14.36117,-16.52158,-21.16119,-14.67441,-16.26049,-13.97788
221.0,-10.19263,-14.02348,-10.30952,-14.26113,-15.39783,-8.42837,-11.2039,-15.68998,-17.64611,-14.82793,-12.84565,-19.22427,-15.6721,-14.83095,-15.63787,-15.04448,-18.75849,-16.33361,-18.29469,-15.45488
222.0,-10.12163,-13.89828,-10.15512,-14.03183,-15.73733,-8.18577,-11.1774,-15.31368,-17.24221,-14.92923,-12.84835,-21.30167,-15.6649,-16.02875,-14.87357,-14.43778,-18.87539,-18.37791,-19.40119,-15.17558
223.0,-9.93393,-13.98798,-10.14732,-14.46603,-15.77143,-8.39687,-11.1123,-15.33518,-17.53511,-14.62933,-13.09785,-20.39207,-16.2271,-15.09515,-15.71637,-17.59048,-21.63539,-16.46971,-15.78589,-17.29718
224.0,-10.24663,-14.23708,-10.35752,-13.97503,-15.43073,-8.04497,-10.9478,-14.76018,-17.09291,-15.03843,-12.95605,-19.71247,-15.4233,-15.67795,-16.72507,-19.95108,-17.99279,-16.68871,-16.77249,-14.79528
225.0,-9.95743,-14.08208,-10.17892,-14.47743,-15.64143,-8.04327,-10.7635,-15.25818,-18.10651,-14.31573,-12.99595,-18.09967,-16.021,-14.66385,-16.11907,-19.71868,-14.43529,-22.64081,-18.24239,-16.37238
226.0,-10.04433,-14.12888,-10.40522,-14.32373,-15.84523,-7.98687,-10.6997,-14.60898,-18.70291,-14.27643,-12.68115,-17.89637,-16.2057,-16.55485,-15.33437,-19.49318,-19.35619,-19.75151,-16.36749,-17.05608
227.0,-9.99993,-13.33058,-10.22782,-14.18703,-15.68363,-7.88657,-10.6084,-15.02568,-17.81261,-14.27063,-12.68965,-17.75197,-15.644,-16.13465,-16.52847,-15.73088,-16.07919,-15.27261,-19.36309,-17.84988
228.0,-9.62563,-13.76418,-10.44662,-14.63203,-16.03473,-7.46927,-10.76,-16.28968,-17.28711,-14.41173,-13.41815,-17.68977,-16.618,-16.22145,-16.03777,-17.63378,-19.28379,-19.07361,-16.88689,-16.38138
229.0,-9.54783,-13.49308,-10.42992,-14.64893,-15.47983,-7.57817,-10.6335,-15.90088,-17.52561,-14.10683,-12.37515,-15.56027,-16.5647,-16.78715,-17.48517,-19.04658,-16.97249,-17.51201,-19.67059,-19.11578
230.0,-9.53923,-13.56228,-10.29852,-14.62733,-15.73413,-7.42447,-10.3482,-16.16168,-17.40431,-14.02333,-12.41465,-16.41757,-14.9613,-17.62135,-17.27347,-17.98278,-18.84399,-21.45641,-19.16799,-19.86508
231.0,-9.26083,-13.61538,-10.67332,-14.29833,-15.39443,-7.58007,-10.4907,-15.88008,-17.31001,-13.74643,-12.33595,-16.58487,-17.4165,-18.38455,-15.38537,-19.20628,-26.36599,-16.44931,-20.66679,-20.89528
232.0,-9.22633,-13.42468,-11.01072,-14.98143,-15.45863,-7.49997,-10.3204,-17.15548,-16.80851,-13.15573,-12.69315,-17.65067,-16.2004,-17.93565,-15.89357,-18.74708,-19.73589,-21.21661,-17.31839,-21.37378
233.0,-9.26023,-13.22758,-11.04692,-15.37493,-15.34323,-7.56837,-10.628,-15.67488,-17.19461,-13.44333,-12.16335,-15.62147,-16.0521,-18.10255,-14.63197,-17.48758,-23.82149,-18.99321,-22.92859,-22.87998
234.0,-8.93423,-13.64178,-11.04952,-15.23353,-15.33823,-7.44047,-10.3806,-16.66008,-17.00781,-12.93503,-12.20715,-17.23827,-16.4651,-18.25905,-15.40937,-14.72178,-25.09279,-18.00501,-19.44719,-25.73468
235.0,-9.14093,-13.50358,-11.15072,-15.30683,-15.08393,-7.24677,-10.4414,-16.21538,-17.05791,-13.48833,-12.42725,-15.90207,-17.6198,-17.58915,-13.75477,-17.87778,-24.62739,-24.50221,-20.25159,-27.07278
236.0,-9.08273,-13.64738,-11.22902,-15.40573,-15.20973,-7.45767,-10.4653,-16.17588,-17.10121,-13.29503,-12.12555,-15.88457,-17.1969,-16.67215,-15.73897,-19.54258,-34.05429,-22.31831,-20.29479,-27.23708
237.0,-9.03663,-13.37488,-11.28912,-15.37893,-14.94263,-7.69097,-10.2409,-17.33178,-16.29071,-13.20793,-11.79475,-17.10647,-15.9645,-18.09205,-13.99967,-15.84888,-36.90309,-21.41831,-23.58619,-23.20508
238.0,-9.03603,-13.63138,-11.24412,-15.49973,-15.04033,-7.40847,-10.4985,-17.00198,-16.83621,-12.70013,-12.29425,-15.65397,-17.3773,-17.51875,-14.42997,-18.07778,-29.64789,-23.96391,-36.99709,-18.86758
239.0,-8.82763,-13.51808,-11.30812,-15.77273,-14.45503,-7.44847,-10.2962,-16.64158,-17.14761,-12.73483,-11.79865,-15.94267,-16.9098,-18.43035,-15.46647,-15.81488,-27.68549,-22.83671,-23.16639,-21.16778
240.0,-8.84703,-13.23968,-11.22432,-15.57373,-15.10783,-7.43617,-10.492,-17.31108,-16.51411,-12.64333,-11.66645,-16.01867,-18.992,-17.17315,-13.27207,-14.59318,-26.46559,-22.86591,-22.67269,-24.47078
241.0,-8.73833,-13.37818,-11.06622,-15.90793,-14.83503,-7.51287,-10.2668,-17.27108,-16.01861,-13.11003,-11.76485,-16.97947,-17.8465,-17.88045,-14.79357,-18.57338,-30.99009,-23.08941,-22.30089,-20.93068
242.0,-8.88073,-13.32768,-10.93062,-16.22343,-14.93723,-7.42327,-10.2679,-16.29188,-15.12911,-13.14383,-12.35025,-15.80117,-15.5017,-16.88305,-14.58947,-16.84978,-23.91009,-24.10391,-24.88319,-20.46128
243.0,-8.87493,-13.12208,-11.38252,-15.90403,-14.76133,-7.70417,-10.376,-18.03988,-17.11881,-13.28253,-12.30375,-16.84947,-19.269,-17.26745,-14.94267,-18.59858,-22.54519,-18.74811,-22.11689,-21.65488
244.0,-8.95913,-13.40538,-11.29112,-15.88923,-14.65643,-7.65017,-10.4608,-17.70478,-16.46991,-13.22083,-12.26315,-15.87307,-19.3089,-17.70835,-16.23587,-15.37558,-24.56149,-21.25281,-22.08509,-19.00608
245.0,-8.93853,-13.16688,-11.19452,-15.77473,-14.70583,-7.88587,-10.2684,-17.86338,-16.03611,-13.23223,-12.30065,-17.05627,-19.6195,-15.64255,-15.33167,-17.33078,-18.89389,-30.53281,-27.26299,-19.38738
246.0,-8.98283,-13.11968,-11.07482,-16.37673,-14.54093,-7.73847,-10.3458,-18.10308,-16.35621,-12.87883,-12.48505,-16.65257,-17.0094,-18.27895,-14.58877,-16.70528,-20.55029,-22.22231,-20.81779,-20.89518
247.0,-8.62963,-13.29488,-11.40082,-16.42413,-14.31183,-7.67857,-10.6053,-17.74408,-16.37321,-12.96523,-12.36875,-16.07347,-17.6205,-16.86395,-14.67637,-18.11848,-20.38839,-21.60351,-21.59189,-18.84628
248.0,-8.89953,-13.04658,-11.38492,-16.61543,-14.21523,-8.08277,-10.626,-17.68148,-16.62481,-13.37343,-11.86525,-15.14117,-18.757,-16.88475,-15.73287,-19.24018,-17.08279,-32.93161,-17.53909,-16.86848
249.0,-8.83543,-13.29918,-11.72252,-16.20743,-14.52423,-7.96207,-10.3328,-18.10528,-16.24511,-13.09733,-13.26175,-16.25267,-16.8941,-17.63565,-16.53067,-17.65748,-21.34899,-30.44891,-18.55579,-17.59498
250.0,-8.62233,-13.01288,-11.17112,-16.06663,-14.45403,-8.09287,-10.4201,-18.07418,-16.71841,-13.28663,-11.99685,-15.25957,-18.2273,-15.80105,-16.06477,-22.10608,-17.44379,-25.03981,-17.65099,-18.78028
251.0,-8.54503,-12.94138,-11.47112,-16.75763,-14.82583,-8.13957,-10.7101,-17.81528,-16.45181,-14.30913,-12.27305,-15.48067,-18.0151,-17.52555,-14.86817,-23.67758,-17.65899,-37.82361,-19.62219,-17.51938
252.0,-8.48363,-12.89688,-11.51712,-16.25453,-14.64713,-8.28097,-10.5974,-19.79918,-16.18321,-13.54313,-11.77125,-16.79597,-17.3888,-17.86295,-15.12977,-19.64928,-18.67909,-28.33271,-20.92219,-22.45408
253.0,-8.40673,-12.95238,-11.88282,-16.84863,-14.31773,-8.23237,-10.716,-19.09708,-16.81431,-14.22273,-13.01975,-16.84087,-19.9253,-16.28675,-17.23337,-20.18658,-16.21639,-27.92911,-18.81279,-20.49968
254.0,-8.33003,-12.79898,-12.17172,-17.10403,-14.22343,-8.55387,-10.4283,-18.73308,-15.81241,-14.30753,-12.70005,-16.44797,-17.1489,-17.23835,-15.61297,-20.69268,-18.19509,-30.64971,-17.44549,-18.51908
255.0,-8.29053,-12.77148,-12.26752,-16.62873,-14.43073,-8.40707,-10.3496,-17.99728,-15.92451,-15.08093,-13.15495,-17.08827,-19.0034,-16.51755,-16.58077,-20.33958,-15.45189,-24.64361,-19.41229,-25.69668
256.0,-8.38683,-12.69018,-12.64182,-17.11353,-13.92673,-8.60757,-10.6242,-18.50818,-16.73741,-15.05633,-13.01905,-17.78687,-20.2049,-16.20485,-18.30087,-25.25598,-15.92899,-27.62401,-21.14569,-35.11258
257.0,-8.52213,-12.76548,-12.88112,-17.34163,-13.86923,-8.94537,-10.4214,-18.47618,-16.12011,-14.38833,-14.05665,-15.60997,-18.1396,-21.46505,-15.85787,-26.92338,-17.29399,-26.86781,-18.89199,-27.21878
258.0,-8.34663,-12.98168,-13.10872,-17.20373,-13.94953,-8.92787,-10.8273,-18.10638,-16.51421,-14.19193,-13.15385,-17.02637,-18.2225,-19.06835,-20.60407,-26.11948,-19.57579,-28.63741,-19.65359,-21.13138
259.0,-8.35723,-12.79778,-13.67502,-17.45993,-13.69073,-9.08687,-10.4538,-18.94828,-18.02261,-15.17593,-13.38295,-16.62417,-18.043,-18.40185,-17.32097,-19.50568,-17.96539,-23.04441,-19.36759,-24.92668
260.0,-8.28663,-13.00228,-14.24532,-17.48193,-13.64293,-9.27897,-10.7527,-19.26148,-17.84011,-14.49073,-13.10065,-16.38047,-18.5507,-18.06425,-17.19087,-25.00138,-17.60819,-30.28911,-22.08419,-28.73058
261.0,-8.02453,-12.97548,-14.72542,-17.77023,-13.61783,-9.65297,-10.9126,-19.17348,-18.10471,-15.20733,-13.08985,-17.20677,-18.6653,-18.72575,-17.37787,-23.13628,-17.59839,-26.00821,-19.97949,-24.59758
262.0,-8.26663,-12.97828,-15.27152,-17.18023,-13.55573,-9.82947,-11.282,-20.25688,-16.91151,-14.84053,-13.27225,-16.74797,-17.3482,-17.54405,-16.92647,-26.46358,-18.96989,-29.95331,-20.73009,-24.29198
263.0,-8.16443,-13.10418,-15.74852,-17.87153,-13.33183,-9.63817,-10.8152,-19.78608,-16.55021,-15.05053,-13.87375,-16.17427,-18.817,-19.56445,-19.19237,-23.26068,-19.33169,-24.36511,-27.16789,-25.49828
264.0,-8.06693,-12.99968,-15.77032,-18.03833,-13.28923,-10.08077,-11.2181,-19.83688,-17.97921,-16.06403,-13.94795,-16.91837,-17.3022,-17.99105,-18.44357,-23.98638,-17.04319,-19.98211,-18.04079,-22.33098
265.0,-7.87703,-13.19528,-16.33592,-18.14943,-13.13603,-10.10727,-11.3119,-19.34098,-17.04421,-16.12333,-13.55215,-15.53607,-18.2471,-17.71925,-18.57827,-30.19938,-20.74509,-24.75751,-20.98029,-23.98008
266.0,-7.66783,-13.13218,-17.61472,-18.47183,-13.28803,-10.10027,-11.3695,-19.55038,-17.27861,-16.44033,-13.55085,-16.80517,-18.0034,-17.25135,-20.59077,-21.07158,-18.94019,-20.38381,-25.77519,-25.46018
267.0,-7.81833,-12.80388,-16.90762,-18.97643,-13.07933,-10.63477,-11.55,-20.67068,-18.61401,-16.96183,-15.09335,-16.65687,-19.7613,-18.88125,-17.40227,-25.28238,-20.06609,-26.15681,-24.01759,-35.31968
268.0,-7.15113,-13.12428,-18.81452,-18.43473,-13.49593,-10.46787,-11.2998,-20.31348,-19.07921,-15.81183,-14.04045,-16.33107,-19.1681,-18.67715,-17.28077,-24.91968,-22.47049,-22.93351,-24.05559,-25.26158
269.0,-7.03553,-13.18878,-17.97932,-18.70313,-13.07733,-10.70747,-12.1193,-19.97438,-19.15241,-16.53543,-14.35545,-16.42827,-19.1531,-19.47935,-21.42307,-27.61078,-18.45429,-33.80891,-23.50529,-29.58318
270.0,-7.22013,-12.96088,-18.01452,-19.13793,-12.98323,-10.92177,-11.8895,-20.68608,-18.60121,-17.97203,-13.54305,-16.79967,-19.9749,-18.51605,-18.81147,-25.45838,-18.62259,-22.83441,-22.15299,-25.52198
271.0,-7.53483,-13.07538,-17.39512,-20.32043,-13.18303,-11.37177,-11.6711,-19.96648,-18.75521,-16.64213,-14.30255,-17.13507,-19.4324,-17.73295,-21.57467,-25.82098,-18.36809,-25.75891,-21.52099,-27.35368
272.0,-7.60203,-12.95138,-16.48122,-19.46443,-13.46943,-11.70367,-11.8945,-21.21708,-18.51851,-16.25233,-14.15625,-15.51537,-20.0113,-18.02775,-21.13737,-21.54488,-22.37889,-29.12931,-25.85259,-40.62148
273.0,-7.59603,-12.91318,-15.77292,-19.89463,-13.50483,-12.12677,-12.2422,-21.77888,-19.74201,-18.10263,-13.63215,-17.30077,-20.7367,-17.65845,-20.34637,-26.67708,-17.58849,-31.34621,-35.60159,-30.20538
274.0,-7.65623,-12.72488,-15.26032,-19.58133,-13.72713,-12.32667,-11.5126,-22.55948,-20.58131,-17.36603,-13.49145,-17.11347,-19.0939,-17.67275,-18.68867,-26.89728,-18.05109,-26.81621,-23.23519,-26.28398
275.0,-8.72913,-12.67768,-12.62712,-19.60623,-15.94893,-12.19097,-11.58,-21.60458,-19.33571,-16.54743,-13.56075,-16.57307,-18.2753,-18.04215,-17.75197,-26.78928,-20.84219,-52.24691,-25.02889,-24.49968
276.0,-8.62813,-12.83578,-12.33802,-18.53563,-16.10093,-12.43507,-11.516,-24.29688,-19.17151,-15.78423,-13.41835,-16.47207,-19.7493,-19.28075,-17.92117,-26.49208,-18.74369,-35.21111,-21.68799,-20.81258
277.0,-8.77203,-13.06818,-12.50322,-19.03343,-16.67763,-12.34867,-11.5965,-25.69188,-19.88111,-16.81013,-13.19095,-16.30517,-18.8443,-16.68685,-17.50597,-20.17198,-20.42759,-26.17861,-23.73199,-24.25568
278.0,-8.73113,-12.49828,-12.65532,-19.36723,-15.87953,-13.06457,-11.6891,-25.16528,-20.32121,-16.26643,-12.95255,-16.24577,-18.2264,-16.75625,-18.01747,-22.03058,-19.46199,-28.80971,-27.43449,-24.63908
279.0,-8.64333,-12.89288,-12.66192,-19.82783,-16.63023,-12.92047,-11.6419,-23.65308,-19.08181,-15.55923,-14.37245,-15.86457,-19.0583,-17.58135,-19.34117,-20.29768,-19.03139,-34.05321,-21.35849,-25.82988
280.0,-8.88233,-13.07988,-12.62112,-19.57363,-16.76403,-13.41187,-11.6481,-25.92188,-18.62551,-16.51283,-13.04665,-16.93127,-20.2493,-18.16535,-18.68087,-17.35108,-18.60469,-26.72671,-41.99749,-30.05298
281.0,-8.93423,-13.20718,-12.75462,-19.92193,-17.27553,-13.66537,-11.6496,-31.37138,-18.52861,-16.50413,-12.71245,-17.23017,-18.7993,-16.89265,-19.16067,-20.77478,-19.92439,-31.36041,-33.64519,-22.89718
282.0,-8.91843,-12.97398,-12.82412,-19.82463,-17.14873,-13.78327,-11.69,-28.03158,-20.80381,-16.35353,-13.22685,-17.84187,-21.227,-17.46505,-18.13327,-21.92358,-24.06889,-27.60251,-41.34949,-30.49688
283.0,-8.83213,-13.06028,-12.69822,-20.09913,-17.39203,-13.80387,-12.039,-31.79288,-20.50781,-16.13383,-13.13875,-16.80727,-19.4949,-17.73255,-18.67527,-20.34118,-28.37999,-29.23101,-28.18979,-22.64268
284.0,-8.81533,-13.14398,-12.74482,-19.75963,-17.49763,-14.35387,-11.3972,-27.75328,-19.66811,-16.71133,-13.80465,-17.81247,-18.3932,-15.51245,-19.31767,-16.56198,-25.60499,-25.60831,-25.23599,-24.35418
285.0,-8.94713,-13.38338,-12.89702,-20.39763,-17.82353,-14.55397,-11.8525,-31.16578,-19.00501,-15.95013,-13.39235,-15.75337,-18.3145,-16.42255,-19.19627,-20.66198,-21.89739,-25.05551,-23.35189,-24.69158
286.0,-8.87763,-13.24938,-12.83242,-19.78793,-18.33423,-14.81407,-12.2731,-29.08748,-20.03021,-16.15933,-14.18605,-16.47447,-21.1329,-16.94735,-18.38417,-19.46528,-21.12639,-34.70701,-23.31209,-23.63198
287.0,-9.00503,-13.57938,-13.00632,-19.96493,-18.31343,-14.86657,-12.3332,-33.28778,-19.15671,-15.47173,-13.27095,-16.80277,-20.7031,-17.92375,-17.91217,-16.60588,-23.43229,-25.09561,-29.61859,-22.86138
288.0,-9.11763,-14.39138,-13.00842,-19.35633,-18.66683,-14.08177,-12.4167,-33.59408,-19.16411,-16.48133,-13.77655,-17.03187,-19.8705,-18.33145,-18.35257,-17.85888,-23.81179,-37.69121,-26.26199,-26.16868
289.0,-9.31123,-14.24208,-12.91202,-20.47913,-19.62093,-14.05287,-12.2975,-35.23708,-19.51671,-16.11063,-14.00965,-16.97727,-19.3548,-18.41885,-18.66667,-16.35428,-27.94189,-20.50581,-24.76159,-21.82828
290.0,-9.41113,-14.57058,-13.21582,-19.96613,-19.72873,-14.54977,-12.0416,-39.44058,-19.38171,-16.74563,-13.56245,-16.13397,-19.7243,-20.03635,-19.92187,-14.72478,-31.10099,-23.57671,-28.47469,-26.35488
291.0,-9.46223,-14.44198,-13.02322,-19.99523,-20.61733,-15.11617,-12.2366,-32.18088,-20.29561,-15.22253,-13.34735,-16.77507,-20.022,-16.19195,-17.76647,-15.82788,-35.17919,-23.23191,-32.40139,-32.34078
292.0,-9.56093,-14.51398,-13.27312,-20.84493,-20.84213,-14.99287,-12.2616,-38.06748,-20.40011,-16.28533,-13.80065,-15.83747,-18.9102,-16.63445,-18.29917,-15.59578,-25.71949,-25.60261,-23.30979,-22.29398
293.0,-9.26533,-14.56708,-13.20562,-20.43503,-20.58163,-15.30547,-12.5538,-32.66918,-18.74231,-16.70253,-13.90795,-16.31827,-21.8888,-18.66455,-17.38097,-15.81918,-26.42259,-24.41491,-21.82049,-22.67848
294.0,-9.27183,-14.76178,-13.42552,-20.58113,-20.78063,-15.39687,-12.3854,-38.81388,-19.91471,-16.46713,-13.48985,-16.97127,-20.1428,-18.57825,-17.01447,-16.19868,-30.72239,-27.87761,-21.86789,-40.31708
295.0,-9.64683,-15.11468,-13.50962,-20.73463,-20.89193,-15.67347,-12.6796,-36.63088,-19.81631,-16.17283,-13.47185,-16.74037,-21.5985,-19.04875,-17.44767,-15.25498,-22.72059,-25.83531,-28.41769,-23.02918
296.0,-9.45853,-15.06518,-13.43062,-21.08423,-21.23593,-16.29367,-12.6153,-35.51758,-18.47181,-16.77413,-13.76995,-16.71717,-21.4946,-17.22795,-16.33157,-14.20308,-27.90479,-25.86301,-30.10199,-29.40088
297.0,-9.83743,-15.31088,-13.39712,-20.80883,-20.47703,-16.53757,-12.9806,-33.62338,-20.06641,-14.85323,-13.61015,-16.36997,-18.416,-17.55875,-18.30447,-17.77908,-27.19159,-25.15601,-27.40959,-23.20738
298.0,-9.71303,-15.69858,-14.17022,-20.74973,-21.23353,-16.40867,-13.3647,-39.07018,-19.09281,-16.91363,-13.81835,-15.58567,-20.8328,-20.42215,-18.22517,-15.92228,-25.10139,-18.71791,-25.01429,-26.02428
299.0,-9.81023,-15.28398,-14.13862,-21.01903,-21.64023,-16.52117,-12.8547,-33.81098,-20.37671,-15.29463,-14.17745,-15.56567,-20.6825,-21.76925,-17.24127,-16.11658,-21.18079,-22.00561,-24.07359,-21.49738
300.0,-9.97203,-15.56938,-13.92292,-21.31143,-22.34263,-16.05427,-13.4595,-36.02368,-19.69171,-16.58343,-13.83885,-16.45097,-18.7895,-18.94525,-19.03917,-16.13628,-21.89599,-20.12061,-30.52299,-19.56078
301.0,-10.05043,-15.84838,-14.21012,-20.96703,-22.73563,-16.71977,-13.2576,-33.33758,-19.20351,-16.13623,-13.63895,-15.78507,-19.8725,-18.92015,-19.39957,-17.01028,-26.01119,-35.81871,-20.47799,-26.95198
302.0,-9.91293,-15.62508,-14.22242,-21.09063,-23.04313,-17.08637,-13.0869,-31.45968,-20.25711,-16.54303,-14.64705,-15.27067,-21.3588,-23.02195,-20.42837,-16.92138,-18.74199,-21.94351,-24.26069,-23.24788
303.0,-10.22313,-15.97528,-14.79462,-22.19683,-23.23613,-17.80397,-13.7094,-43.17588,-19.80791,-16.40043,-14.26435,-16.09067,-20.9436,-19.35915,-20.97207,-15.74798,-19.92769,-21.22861,-20.10449,-25.78198
304.0,-10.33573,-16.32728,-14.94232,-21.20063,-23.37023,-17.35997,-13.8503,-35.82488,-19.34771,-16.60253,-14.75895,-15.54847,-18.6114,-20.91715,-20.34767,-18.13038,-17.83259,-19.37331,-34.23079,-28.75158
305.0,-10.02623,-15.89388,-15.36532,-21.03113,-23.40273,-17.30047,-13.7316,-35.33268,-20.60881,-15.35313,-15.00715,-15.43767,-18.8688,-19.27625,-24.37237,-17.20078,-18.11039,-34.28951,-28.63599,-20.27868
306.0,-10.26873,-16.81728,-15.07772,-20.79823,-25.15393,-18.14877,-14.0283,-30.72098,-18.97451,-16.47243,-15.49785,-15.71167,-19.4242,-21.02745,-21.31257,-18.46378,-20.04899,-21.36061,-23.02109,-21.64208
307.0,-10.45853,-16.36258,-15.77852,-21.82313,-24.91133,-18.10037,-14.1546,-37.32598,-20.16351,-16.25773,-14.26715,-15.54427,-20.1057,-19.67295,-26.97327,-18.84348,-19.38569,-21.67871,-17.34729,-21.95428
308.0,-10.63783,-16.59108,-15.19622,-21.92943,-24.94973,-18.26147,-14.2659,-34.59668,-20.41391,-17.39113,-15.02575,-17.05627,-16.8788,-21.13925,-25.67017,-20.48988,-19.65849,-31.61891,-18.91069,-26.04288
309.0,-10.58773,-16.97448,-16.14382,-21.29423,-26.90763,-18.55677,-14.1939,-37.53148,-19.78581,-16.15293,-14.99385,-18.33157,-20.1215,-21.34725,-22.28067,-21.95958,-17.53289,-26.61831,-23.34379,-22.31478
310.0,-10.79493,-16.64248,-16.12612,-21.17763,-28.07323,-18.62647,-14.2586,-35.16168,-20.84851,-16.90073,-14.88575,-17.20637,-20.8221,-20.89725,-21.32477,-24.65358,-19.37099,-24.85591,-24.80479,-18.00298
311.0,-10.87843,-16.88328,-15.79822,-21.92053,-27.69183,-18.26327,-14.101,-28.57068,-20.37551,-17.52713,-16.35915,-19.68327,-17.0796,-20.72985,-24.94627,-26.08728,-19.48909,-28.84201,-22.34439,-17.89138
312.0,-10.91633,-17.04008,-16.24072,-22.38463,-27.72263,-18.83607,-14.6445,-36.24708,-20.89441,-17.97303,-17.33095,-16.63467,-18.949,-22.09035,-24.94037,-21.30348,-22.74469,-23.60821,-20.98729,-21.58918
313.0,-11.15343,-17.02278,-16.11352,-21.97643,-26.64393,-18.57427,-14.9887,-29.27538,-20.12661,-18.25653,-18.15475,-18.81087,-19.3037,-20.35615,-21.76737,-27.67798,-19.26189,-31.63911,-23.41309,-19.75148
314.0,-11.15583,-16.44308,-16.39142,-23.14323,-28.97613,-18.37637,-15.7608,-27.57168,-22.24011,-18.73033,-17.93645,-19.55857,-18.4445,-19.54035,-23.28137,-21.87908,-23.74299,-23.37771,-21.75159,-21.76278
315.0,-11.43363,-16.92288,-17.57722,-22.86083,-28.45263,-18.68037,-15.0453,-31.49288,-23.31871,-18.61253,-18.26435,-18.70217,-20.3491,-20.14015,-27.24817,-24.03248,-23.75559,-24.63301,-19.55999,-19.87068
316.0,-11.25413,-17.16508,-17.17922,-22.34823,-28.16133,-18.29287,-15.2683,-28.85448,-21.26831,-19.29573,-17.94555,-22.30987,-17.9082,-21.85295,-27.39637,-26.87358,-21.75129,-24.06481,-25.39519,-16.33918
317.0,-11.36503,-17.32688,-17.67012,-23.39043,-31.18913,-18.86407,-15.3106,-29.29358,-24.34201,-19.45583,-18.27165,-20.63407,-19.9075,-21.59175,-23.61767,-24.29218,-22.98809,-27.38011,-20.99569,-20.69968
318.0,-11.33153,-17.37218,-17.44402,-23.03853,-28.73253,-18.72287,-15.8073,-28.39008,-22.30341,-21.53083,-20.33535,-21.62407,-21.1027,-24.99165,-20.27337,-24.47338,-20.81789,-26.87001,-22.69779,-20.35548
319.0,-11.39773,-17.29618,-17.49302,-23.06863,-32.17253,-18.32867,-15.7748,-30.10618,-24.17141,-20.96183,-19.46535,-21.28697,-23.2759,-22.33075,-22.32027,-21.52938,-22.08309,-26.43681,-35.47949,-21.43188
320.0,-11.61033,-17.51018,-17.99762,-23.49703,-30.54383,-19.23187,-15.8719,-27.05608,-22.15791,-20.96293,-19.45975,-23.62317,-21.067,-22.08785,-21.72267,-22.16438,-22.78889,-20.84731,-31.38679,-20.87348
321.0,-11.48443,-17.69958,-18.30732,-24.14943,-32.13623,-18.35387,-16.7689,-29.69798,-23.20711,-20.73533,-19.40275,-22.24607,-24.7311,-23.08055,-21.94137,-23.95658,-26.08939,-31.63401,-30.30279,-22.11518
322.0,-11.77233,-17.77868,-19.33372,-23.20053,-30.85913,-18.30637,-16.7797,-28.21758,-23.82931,-23.66393,-18.80045,-24.23627,-29.1158,-22.65855,-22.17157,-22.27498,-28.89069,-24.25801,-21.32719,-39.67148
323.0,-11.65323,-17.30358,-18.36952,-23.03753,-31.53663,-18.60057,-16.9513,-26.33708,-25.18561,-21.46183,-19.85825,-21.75477,-25.2177,-24.73185,-22.27307,-20.38658,-32.34419,-20.04941,-26.79249,-21.46768
324.0,-11.88333,-17.83438,-18.99082,-22.58563,-36.20993,-18.48187,-17.2895,-27.51318,-22.42581,-23.29743,-20.68965,-23.45527,-22.9097,-22.16015,-20.41817,-17.21718,-36.87379,-23.66511,-28.87579,-29.82458
325.0,-11.80933,-17.49978,-19.32082,-23.76853,-29.60403,-18.39037,-16.7838,-24.87038,-25.01631,-23.56283,-21.71985,-22.92957,-24.3088,-30.84815,-21.07497,-19.62838,-26.35169,-21.50901,-24.37849,-39.00408
326.0,-12.07743,-18.12348,-19.88462,-24.04633,-32.47913,-18.44837,-16.6406,-26.13318,-25.19061,-24.03823,-22.27185,-21.61107,-26.3567,-29.10715,-22.98467,-20.67408,-26.58469,-24.11451,-25.58649,-29.50008
327.0,-12.02493,-17.99018,-19.66822,-23.97273,-36.18863,-18.25227,-17.3589,-25.82088,-23.88791,-23.32653,-19.47775,-24.96217,-33.3232,-35.69725,-22.14267,-17.39018,-34.73719,-24.71721,-22.55809,-36.77728
328.0,-12.16123,-17.64808,-19.90692,-23.71643,-32.22323,-17.99847,-16.9925,-23.69478,-22.72931,-22.60203,-23.52215,-23.08147,-32.1306,-40.33015,-22.59877,-19.88308,-32.92679,-24.41201,-21.99649,-27.42328
329.0,-12.39333,-17.56718,-20.34812,-25.64443,-31.81773,-18.88657,-16.9684,-25.29338,-23.16041,-26.46333,-21.66075,-21.30817,-33.1046,-38.15135,-23.70657,-18.71628,-24.76979,-25.59281,-28.49649,-29.12278
330.0,-12.39983,-17.81788,-20.08542,-24.25563,-29.88433,-18.02997,-17.2016,-25.29518,-25.87971,-24.96863,-22.27735,-21.60417,-35.0151,-31.44415,-26.69377,-18.77818,-28.91279,-25.53971,-31.90509,-33.04778
331.0,-12.67313,-17.79818,-20.54622,-23.45483,-33.03073,-18.32417,-17.7604,-24.34008,-22.59491,-21.66253,-21.65845,-19.27007,-31.2942,-41.44575,-26.21227,-23.47498,-25.33539,-22.47121,-21.06459,-24.72888
332.0,-12.66243,-18.16138,-21.01442,-23.05943,-31.39303,-18.40267,-17.5735,-23.86048,-22.48041,-22.52533,-23.08345,-18.43377,-28.5957,-32.84845,-30.64447,-24.70028,-27.76209,-25.58311,-19.84199,-27.94338
333.0,-12.59113,-17.57808,-22.49462,-23.46463,-32.37343,-18.40987,-18.0574,-23.26718,-22.80751,-23.39833,-21.95675,-19.73347,-27.0358,-31.27315,-31.74487,-20.50788,-29.64529,-32.57971,-17.40889,-51.63888
334.0,-12.81373,-17.68478,-22.71252,-23.51893,-31.87203,-18.38247,-17.7508,-22.27098,-24.06271,-23.78313,-24.13495,-20.83147,-24.6596,-34.91245,-31.13597,-24.56208,-24.02259,-31.39761,-23.45809,-33.02388
335.0,-13.13933,-17.82068,-21.67692,-23.59093,-29.97823,-18.28677,-18.0488,-21.89738,-21.44691,-21.03113,-23.73465,-18.18357,-27.8767,-27.32275,-27.09627,-29.40188,-24.69799,-28.56271,-28.30869,-27.46438
336.0,-12.65093,-17.84928,-22.27162,-23.05543,-30.02673,-18.53357,-17.4785,-20.97598,-22.60471,-22.26793,-25.95075,-22.24187,-24.2201,-30.43145,-33.03377,-33.34568,-23.49419,-29.38121,-26.98549,-22.85398
337.0,-12.85743,-18.07388,-22.81782,-22.72413,-32.12383,-18.32267,-17.5482,-22.95858,-21.99991,-21.52373,-25.94025,-18.94557,-24.0876,-27.99995,-36.56877,-23.58908,-23.40979,-26.18241,-29.12819,-30.03848
338.0,-13.19813,-17.94698,-22.62472,-23.33903,-32.03973,-19.19507,-18.1208,-22.43518,-23.78681,-21.25473,-22.95935,-19.11747,-24.2136,-22.99075,-33.67147,-23.02588,-29.83679,-25.85471,-36.14989,-30.93948
339.0,-13.00743,-17.78898,-23.37102,-22.36953,-29.15213,-19.11347,-16.843,-23.24158,-21.47191,-22.57683,-26.07055,-19.47447,-27.5584,-26.26565,-24.85097,-24.96118,-27.78959,-27.14801,-22.50289,-24.33298
340.0,-13.06983,-17.88858,-22.32912,-22.29283,-30.13043,-18.38287,-17.371,-20.89778,-21.78851,-22.48103,-24.59625,-19.90747,-25.9202,-25.30505,-31.84487,-23.31628,-32.59909,-24.77941,-27.53269,-31.62978
341.0,-13.48233,-17.88738,-23.57942,-22.33193,-30.83963,-18.33937,-17.4323,-21.52578,-20.24611,-20.98963,-27.58755,-19.12187,-23.2531,-22.62745,-22.53187,-24.77118,-27.55339,-37.89551,-26.55379,-25.36188
342.0,-13.98003,-18.13208,-23.75052,-21.49923,-29.40993,-18.89617,-17.0173,-22.07168,-22.17751,-21.92763,-24.89585,-21.85087,-25.6487,-24.01025,-22.13417,-18.70058,-26.21519,-28.02141,-33.23309,-57.78188
343.0,-13.50363,-18.02488,-22.68692,-22.79413,-28.57783,-19.16817,-17.7779,-21.17528,-21.27481,-19.77243,-32.13645,-23.28137,-24.987,-18.97105,-22.60857,-20.96748,-34.17519,-41.06151,-26.70349,-23.06968
344.0,-13.77543,-18.07068,-23.36732,-21.97683,-28.53923,-18.89907,-17.4639,-20.99938,-20.01091,-20.56303,-26.31985,-22.00677,-24.8103,-23.15945,-19.70917,-19.92998,-33.12189,-31.13791,-35.33929,-32.25258
345.0,-13.89483,-18.10598,-24.23962,-21.68033,-31.55253,-19.19457,-16.3831,-22.06348,-20.88541,-20.51283,-31.22725,-24.18707,-25.8412,-22.61715,-24.14487,-21.55328,-23.29969,-22.10851,-27.70679,-29.86888
346.0,-13.93043,-18.02888,-23.13732,-21.76753,-32.98213,-18.89517,-17.5991,-21.10368,-21.75511,-20.26883,-27.14945,-23.71547,-27.6151,-24.68555,-25.55137,-19.70298,-32.47019,-32.95421,-24.97559,-27.83528
347.0,-13.70263,-17.94818,-24.32072,-21.90853,-29.73783,-19.27927,-17.6284,-19.88998,-19.34151,-20.44533,-28.79935,-23.00617,-31.1819,-24.95765,-21.30327,-18.70898,-24.19429,-26.61301,-27.99699,-24.22858
348.0,-14.11243,-18.00748,-23.83312,-20.85603,-33.25223,-19.23347,-16.9023,-20.92978,-21.67101,-20.97623,-29.06375,-23.45177,-23.6883,-21.67485,-23.04767,-20.41598,-23.99569,-36.77471,-37.07449,-35.30528
349.0,-13.96893,-18.40228,-23.90842,-22.11473,-33.44523,-20.09047,-16.9416,-20.19618,-20.34941,-19.78433,-26.03115,-24.48557,-35.9757,-22.14035,-20.57987,-20.41108,-25.64959,-27.18471,-21.82459,-29.62218
350.0,-13.99523,-18.22898,-23.36482,-20.98473,-29.31113,-18.91367,-17.1329,-20.29408,-21.29801,-20.91313,-27.30255,-24.70787,-27.0133,-23.00795,-22.68527,-24.84708,-21.02819,-25.76261,-31.05209,-38.57338
351.0,-13.97863,-18.07068,-23.66902,-22.11533,-30.25603,-19.24187,-17.1433,-20.62128,-21.29091,-19.36023,-25.70495,-21.11327,-42.8737,-22.25055,-28.86247,-23.65078,-26.36729,-25.15661,-24.71359,-20.43538
352.0,-14.18653,-17.90808,-24.25692,-21.56663,-30.65713,-19.31887,-17.369,-21.94858,-20.25031,-21.26463,-24.38115,-21.85547,-31.5892,-30.03595,-24.97867,-25.20708,-20.89269,-37.72001,-27.46229,-23.30418
353.0,-13.89323,-18.22628,-23.53242,-21.34773,-30.83093,-19.16347,-16.5781,-19.94108,-20.01461,-21.85593,-24.99345,-17.98947,-31.6471,-33.33415,-29.26787,-33.23958,-21.74839,-27.33751,-47.43769,-24.22308
354.0,-14.17613,-18.59278,-22.44672,-20.96143,-30.61693,-19.67427,-17.1676,-19.59748,-18.97971,-21.09923,-23.60635,-20.82517,-33.5117,-30.57305,-31.48087,-25.90228,-23.76119,-34.26481,-27.47649,-20.75308
355.0,-14.07133,-18.87618,-22.46912,-20.82833,-29.67523,-19.66747,-17.214,-20.05598,-19.66141,-19.78653,-25.32325,-22.43477,-35.8631,-31.27005,-32.55367,-29.62618,-23.65549,-26.63261,-21.55769,-20.04648
356.0,-14.16053,-18.55928,-21.98622,-21.43253,-33.30553,-19.87417,-16.8996,-19.47218,-19.15621,-22.32213,-23.93895,-20.37967,-38.5495,-29.22705,-29.65117,-30.29698,-26.65299,-28.64961,-32.79429,-28.54408
357.0,-14.26113,-18.58968,-21.74502,-21.29643,-33.30283,-20.50047,-17.5356,-19.52688,-18.95121,-22.55573,-20.40035,-17.91097,-30.6082,-28.40475,-27.11777,-28.29038,-27.83449,-39.12891,-28.70699,-31.89768
358.0,-13.80253,-18.59948,-22.13042,-20.52583,-34.12933,-19.47137,-17.2832,-19.03078,-20.25991,-21.07603,-22.23285,-18.47657,-31.6726,-26.62525,-28.88587,-26.28168,-37.53519,-30.42431,-27.63089,-43.45388
359.0,-14.37093,-18.41988,-21.51562,-21.02133,-32.93433,-19.62637,-17.6477,-18.79838,-19.41121,-22.27663,-20.96385,-20.32447,-32.2654,-32.04995,-24.60347,-25.34058,-25.24179,-33.03861,-25.15819,-44.23238
360.0,-14.40743,-18.29468,-20.43442,-20.86613,-29.03753,-19.55847,-17.1911,-19.51638,-18.62421,-22.78803,-20.40665,-17.75337,-27.7107,-26.36045,-26.32307,-24.57368,-38.59749,-31.85571,-35.45649,-32.38148
360.0,-15.08313,-17.70008,-22.37012,-20.15333,-32.01703,-18.90617,-17.0244,-20.21588,-18.99131,-23.12263,-22.95035,-19.06977,-28.0495,-32.33805,-25.38967,-27.79368,-31.12689,-24.88541,-29.63689,-26.60268