Zenith(Degree),PhaseDegree(50MHz),PhaseDegree(100MHz),PhaseDegree(150MHz),PhaseDegree(200MHz),PhaseDegree(250MHz),PhaseDegree(300MHz),PhaseDegree(350MHz),PhaseDegree(400MHz),PhaseDegree(450MHz),PhaseDegree(500MHz),PhaseDegree(550MHz),PhaseDegree(600MHz),PhaseDegree(650MHz),PhaseDegree(700MHz),PhaseDegree(750MHz),PhaseDegree(800MHz),PhaseDegree(850MHz),PhaseDegree(900MHz),PhaseDegree(950MHz),PhaseDegree(1000MHz)
0.0,92.0165,-56.9947,130.939,15.5945,-90.547,170.115,23.7226,-27.3907,-7.35093,-105.59,158.456,56.3117,-35.8674,-131.543,124.573,24.246,-45.3064,-68.578,-127.997,141.135
1.0,94.1797,-56.5293,131.034,15.6348,-90.4288,170.595,23.4633,-78.5486,-4.93988,-103.532,159.191,57.7425,-38.6004,-131.238,127.4,26.3915,-35.6456,-73.7589,-129.798,146.661
2.0,91.7863,-56.2767,131.493,16.3052,-89.3956,171.192,25.0996,-70.9253,-3.48048,-105.037,160.682,58.4565,-35.956,-129.446,128.239,23.337,-37.6145,-58.877,-128.025,149.096
3.0,93.6346,-56.7037,131.654,17.1543,-89.6195,171.865,25.479,-53.8235,-6.12014,-102.809,160.984,57.742,-34.1728,-129.763,128.691,25.1091,-27.9923,-84.0304,-121.024,145.919
4.0,93.064,-55.6867,132.451,17.8048,-88.9209,171.953,26.658,-32.5122,-5.80377,-106.787,163.009,59.2945,-31.9593,-126.422,126.254,31.5591,-33.8929,-78.9914,-129.93,151.333
5.0,94.2065,-55.7442,132.837,18.1106,-88.4272,173.376,27.0347,-24.2874,-7.94422,-106.016,162.493,59.4286,-30.756,-125.438,129.242,33.5203,-24.2685,-80.1547,-122.757,140.877
6.0,91.7111,-55.5474,132.751,18.8243,-87.6077,174.017,29.2691,-21.9715,-8.39061,-108.5,161.154,59.3121,-29.8725,-125.073,132.323,34.5082,-13.7762,-92.7182,-130.754,139.155
7.0,94.554,-55.2688,132.349,19.2363,-87.4211,174.803,29.763,-11.5205,-10.9444,-110.857,160.979,58.0591,-28.4167,-121.935,135.567,38.3547,-15.4726,-92.1506,-133.899,133.756
8.0,94.7729,-54.9242,133.456,19.8105,-86.0323,175.346,31.5518,-8.08646,-20.9499,-115.517,157.054,59.0602,-23.98,-121.168,142.561,48.5238,-10.1049,-91.123,-147.486,134.165
9.0,94.8494,-55.0183,133.287,20.0629,-86.07,176.186,34.2397,-2.73691,-28.1074,-119.437,157.326,57.8142,-22.9637,-117.39,145.529,53.3122,-10.2204,-88.1237,-153.942,125.093
10.0,97.6909,-54.7732,133.735,20.6562,-85.475,178.216,36.7185,8.96172,-32.9272,-127.117,153.426,58.4647,-17.879,-114.673,150.189,59.8636,-3.85902,-94.111,-163.013,117.811
11.0,94.2747,-53.9629,133.965,21.8744,-85.0612,179.513,40.3268,9.64402,-39.0947,-128.874,150.29,58.4101,-18.8421,-108.982,156.715,67.1822,2.44335,-88.7672,-167.798,112.807
12.0,98.4736,-53.773,134.908,22.0655,-83.1613,-178.823,43.7918,10.0255,-43.7943,-135.875,144.768,51.0854,-14.5134,-108.939,160.882,74.6061,1.93136,-93.8686,-170.683,104.259
13.0,99.1078,-53.7811,134.999,22.8794,-82.3681,-178.483,46.3183,12.4845,-49.0636,-142.827,140.73,52.568,-16.4896,-102.617,166.983,79.6726,2.72855,-96.3671,-170.717,100.875
14.0,98.8902,-53.8926,135.131,23.8482,-81.4896,-177.479,50.4378,16.8712,-53.1983,-146.51,135.265,49.0476,-10.5143,-98.536,172.396,83.9965,6.97845,-89.2423,-170.581,94.3408
15.0,99.7918,-53.4185,135.694,24.5472,-80.8634,-175.324,56.0538,19.7635,-55.5335,-149.858,127.866,39.2357,-9.74667,-90.5163,176.945,89.6119,7.78959,-90.9522,-176.637,99.9651
16.0,97.4998,-53.2194,135.961,24.6497,-79.7741,-174.434,59.6394,20.7702,-59.3978,-153.205,119.88,30.9144,-8.09527,-88.8725,-179.22,92.0663,11.9272,-87.143,-171.439,100.936
17.0,99.532,-53.1685,136.359,25.7158,-78.4054,-172.25,66.6514,21.6663,-58.2982,-159.559,114.315,17.8383,-3.29808,-82.9045,-171.657,98.9444,12.9434,-84.8273,-169.441,94.1587
18.0,97.4379,-52.6751,136.361,25.9756,-77.2993,-171.084,73.1967,23.55,-62.2832,-162.126,108.656,10.5847,-3.89584,-77.5336,-168.388,103.372,12.6927,-86.4385,-168.306,96.8471
19.0,96.137,-52.1542,136.622,26.8308,-76.505,-169.372,79.9613,27.1727,-62.972,-163.758,101.464,-4.23775,-0.747704,-74.3854,-167.377,105.571,11.9891,-81.0364,-163.029,114.178
20.0,103.039,-52.1881,137.15,27.6956,-75.3184,-167.681,86.4334,27.2937,-64.6617,-164.784,99.7178,-17.1906,-0.550551,-72.1267,-163.148,107.38,14.1852,-79.5918,-164.354,112.105
21.0,99.9761,-52.0401,137.481,27.9933,-74.5969,-165.659,91.9368,28.7251,-64.4931,-167.097,96.7813,-19.9196,-2.07989,-62.9033,-161.191,109.75,17.102,-74.4522,-159.949,111.844
22.0,100.863,-51.9551,137.555,29.089,-73.1657,-164.455,99.2739,29.9355,-64.7505,-168.527,94.6742,-32.3105,-9.28897,-57.7878,-159.272,106.328,15.2782,-76.401,-156.489,128.895
23.0,98.9652,-52.0912,137.927,29.4953,-71.8087,-163.053,105.916,30.6752,-64.9744,-169.604,92.4873,-30.8793,-5.67882,-63.7187,-160.499,111.377,16.6988,-69.5162,-149.413,128.716
24.0,102.193,-50.7705,138.372,30.5704,-70.2216,-161.17,111.895,31.6379,-65.3733,-168.068,92.9774,-35.545,-32.069,-62.3173,-158.123,105.04,11.5213,-68.2577,-145.522,139.967
25.0,100.345,-51.6597,138.729,31.6774,-68.5685,-159.618,117.489,32.5432,-65.1961,-168.434,92.2343,-32.8349,-26.3779,-63.4361,-163.515,102.148,14.6421,-65.944,-138.458,145.634
26.0,97.6967,-51.2662,139.019,32.8836,-67.9936,-156.793,122.802,35.0772,-64.9271,-169.544,92.2247,-32.268,-37.888,-65.5916,-167.912,105.398,12.6392,-60.1601,-133.882,151.798
27.0,102.189,-51.274,139.252,33.0043,-66.4583,-155.19,126.586,36.5162,-64.5561,-169.379,92.6772,-28.4141,-48.5497,-74.919,-171.708,99.5441,9.18044,-57.5327,-129.278,160.377
28.0,102.268,-51.182,139.24,34.1869,-64.9992,-153.585,131.589,36.4754,-63.5789,-167.335,92.1428,-28.443,-56.5454,-88.1966,-174.554,91.1551,6.80177,-60.4081,-119.805,159.424
29.0,101.212,-50.6757,139.895,35.3305,-62.9891,-150.678,134.839,37.6305,-62.7968,-167.11,94.6482,-24.1212,-57.0931,-85.9447,175.821,86.1632,-9.98422,-47.2363,-119.22,161.492
30.0,103.285,-50.4683,140.139,35.6736,-61.0792,-148.932,138.467,38.6927,-63.0624,-165.583,96.1645,-20.6302,-50.8971,-95.5572,165.092,77.9983,-9.38652,-55.1541,-107.613,177.818
31.0,98.6089,-50.5912,140.124,36.6974,-60.04,-146.87,141.869,40.1969,-61.3009,-164.642,97.4679,-14.4514,-55.1177,-103.171,162.196,69.1372,-19.4089,-44.7566,-107.784,169.269
32.0,102.651,-50.2425,141.195,37.6964,-58.0907,-144.303,143.995,41.8579,-60.403,-163.853,100.076,-8.5615,-50.7408,-111.743,155.417,62.9675,-28.7014,-48.0828,-95.4243,-177.06
33.0,102.72,-49.9584,141.538,39.0647,-56.5943,-141.469,147.486,42.504,-59.5908,-162.331,101.509,-1.41601,-48.3782,-116.345,152.594,54.038,-35.7079,-37.2559,-92.5354,171.872
34.0,106.924,-49.9363,141.306,39.5554,-55.3845,-140.345,149.141,43.0061,-58.8896,-160.962,103.253,3.01325,-47.3059,-115.144,146.434,51.138,-39.709,-73.3376,-91.9457,174.807
35.0,99.1762,-50.3269,142.276,40.7968,-53.1011,-137.609,152.271,43.9254,-57.6196,-158.973,106.364,8.45115,-41.6493,-115.362,145.064,44.4177,-44.988,-82.223,-98.4609,173.65
36.0,99.5012,-49.6514,142.372,41.449,-50.7478,-135.201,153.804,45.0426,-57.309,-157.02,107.005,16.1745,-40.8014,-120.772,138.152,45.3073,-47.1423,-96.1401,-92.5277,177.002
37.0,103.105,-48.9705,142.863,42.6111,-50.248,-132.642,155.903,45.8747,-55.6862,-155.998,110.861,22.0046,-36.9112,-118.878,143.739,44.0725,-41.8581,-122.507,-99.1034,160.407
38.0,103.362,-49.0164,143.021,43.7189,-47.0746,-131.036,157.354,46.5444,-54.6761,-153.219,113.679,26.6441,-37.0003,-120.948,142.23,38.0282,-38.2623,-115.968,-119.1,152.887
39.0,103.173,-49.2992,143.603,45.2977,-45.7995,-128.306,159.299,48.8841,-53.2187,-152.107,116.118,35.9921,-33.2107,-120.355,141.819,40.4085,-45.6327,-117.801,-129.814,145.49
40.0,100.451,-49.7926,143.586,45.9788,-43.7427,-124.977,161.083,49.8917,-51.3993,-150.023,119.902,40.4658,-31.2354,-119.425,141.68,45.3292,-38.234,-120.863,-143.261,123.823
41.0,103.797,-49.2848,144.264,46.994,-42.329,-124.325,162.584,49.9873,-50.9703,-146.676,121.712,46.9423,-28.7348,-118.512,142.229,43.4415,-33.168,-111.727,-157.286,110.317
42.0,106.48,-49.0361,144.506,48.3714,-40.0961,-120.439,164.128,50.7241,-49.4847,-145.206,126.21,52.2901,-28.7838,-115.914,144.742,47.636,-28.4464,-116.102,-156.916,110.775
43.0,105.275,-48.8631,145.014,49.0184,-36.9898,-118.126,165.252,52.1365,-48.7947,-142.033,130.446,55.6741,-26.3965,-116.518,144.502,48.4928,-20.7658,-100.115,-164.677,111.904
44.0,104.613,-48.9021,144.947,50.1415,-35.7545,-115.832,167.011,53.4184,-47.044,-140.353,133.177,59.1684,-23.9989,-114.053,146.983,52.1367,-17.5721,-98.8787,-162.077,105.593
45.0,104.314,-48.5749,145.16,51.4473,-33.836,-113.709,168.388,53.7055,-45.3748,-138.532,137.037,64.1695,-19.9499,-112.443,149.937,55.3698,-12.6803,-89.8262,-159.984,108.136
46.0,106.095,-47.801,145.358,51.9369,-31.7601,-111.497,169.104,55.1274,-44.1746,-135.329,140.102,66.755,-19.9058,-112.146,150.516,59.4971,-6.52992,-93.7652,-159.749,108.678
47.0,106.428,-48.8733,146.784,53.2492,-29.8235,-108.727,170.198,56.1,-43.1753,-132.722,143.695,69.9944,-17.7719,-112.058,154.174,62.8162,-3.76582,-86.3556,-156.279,107.761
48.0,104.05,-49.0467,146.281,54.2959,-28.3659,-106.251,170.502,56.9196,-41.286,-129.419,146.103,74.8521,-15.7288,-108.994,156.54,66.1399,3.10023,-87.0234,-156.156,105.022
49.0,108.591,-48.4185,146.263,56.0203,-25.5452,-104.702,171.999,57.628,-39.9868,-126.815,149.995,76.1366,-13.9637,-107.072,158.397,70.5528,9.99755,-81.6647,-156.572,114.542
50.0,105.458,-48.2689,147.229,57.5119,-24.2002,-101.624,172.65,58.6841,-37.0368,-123.713,153.71,78.0838,-11.7731,-106.751,161.2,75.7386,10.4794,-76.2076,-155.637,113.72
51.0,106.18,-47.8859,147.843,58.269,-20.6839,-99.9054,174.758,59.6142,-36.9398,-119.559,156.631,80.6777,-10.238,-105.015,162.764,79.9887,18.1106,-78.207,-152.274,118.959
52.0,104.487,-48.555,147.292,58.4802,-19.7585,-96.396,175.507,60.6759,-34.9883,-116.878,160.493,82.9828,-9.02024,-102.904,168.741,84.8614,20.0565,-72.7183,-149.05,117.361
53.0,103.408,-49.0904,147.707,59.7202,-17.9104,-95.5467,175.403,61.7647,-34.4539,-115.111,165.021,85.3887,-7.52964,-101.838,168.886,90.2619,24.4053,-66.9792,-149.487,118.285
54.0,105.57,-48.6286,147.792,60.4767,-15.9047,-93.165,176.599,63.0849,-32.1085,-111.612,168.277,87.3064,-5.56665,-99.8708,171.783,91.7792,25.4092,-68.5317,-145.708,126.08
55.0,104.95,-48.6397,147.543,61.1935,-14.3979,-91.2048,177.72,63.1594,-30.7862,-109.698,171.107,88.8639,-3.90431,-98.096,174.74,95.8414,30.8284,-65.6604,-142.063,126.675
56.0,108.126,-49.8866,148.374,63.5582,-12.1363,-90.1326,178.73,64.3899,-29.4815,-103.854,174.312,91.4753,-1.03972,-95.4982,174.869,104.09,34.6063,-61.042,-142.656,132.444
57.0,107.307,-49.0122,148.742,63.9216,-9.92737,-88.7408,179.176,65.2232,-27.5764,-102.505,177.671,91.8864,0.201013,-93.5338,-176.42,107.426,34.7539,-61.0174,-137.305,134.642
58.0,111.014,-48.8617,148.148,65.5482,-9.96009,-86.161,-179.845,66.4312,-26.0413,-99.1802,179.732,94.1739,1.26552,-93.2029,-174.847,111.642,37.1123,-57.3444,-134.577,139.585
59.0,105.252,-48.6899,148.462,66.9055,-6.55062,-84.5575,-179.599,66.0525,-24.978,-97.2342,-177.296,96.3608,2.9106,-90.3228,-174.762,115.923,41.7868,-55.0327,-131.472,145.297
60.0,108.149,-50.3234,149.047,68.6095,-6.88044,-82.9814,-178.86,67.9773,-23.6142,-93.8925,-173.653,96.9904,5.46768,-87.6702,-168.299,120.028,43.5249,-52.6366,-129.771,147.426
61.0,107.066,-50.1821,148.111,69.0275,-4.48903,-81.3157,-177.998,68.4342,-22.0988,-91.81,-172.317,97.3896,5.1155,-87.3367,-167.108,120.241,47.2561,-50.3036,-130.359,149.537
62.0,107.128,-49.6878,148.704,70.4731,-2.78638,-79.5815,-177.777,69.5654,-20.1484,-89.2922,-168.444,100.523,7.94696,-84.3847,-162.607,122.324,47.4427,-45.9943,-125.38,151.151
63.0,106.322,-50.3399,149.108,69.575,-1.9893,-79.2199,-177.451,70.2737,-19.9102,-87.5567,-166.404,101.078,9.47567,-83.2974,-160.304,128.183,51.0746,-42.0143,-125.148,158.13
64.0,105.205,-49.9821,148.246,73.852,0.837526,-76.7492,-176.837,71.5601,-17.6289,-84.275,-162.626,102.619,10.2755,-83.3548,-157.636,133.075,53.1024,-43.8903,-120.269,165.144
65.0,108.681,-51.1355,147.917,74.1612,1.31507,-76.5029,-177.03,71.6099,-16.8338,-82.0445,-162.189,102.791,10.8012,-81.3724,-152.361,135.554,52.1653,-41.0984,-120.831,166.884
66.0,108.685,-50.7628,148.953,76.69,2.19538,-74.406,-175.432,71.5595,-15.3989,-78.3966,-159.186,104.126,13.2826,-77.4242,-148.268,138.222,55.603,-38.2558,-117.424,166.0
67.0,108.265,-51.563,148.718,76.1367,4.36255,-74.244,-175.435,73.0725,-14.0782,-78.016,-156.685,104.688,15.8333,-76.7311,-147.249,139.144,59.3735,-33.813,-107.821,172.54
68.0,106.91,-51.8742,149.647,79.0536,5.29066,-72.2844,-174.322,73.5167,-11.7765,-75.4362,-154.932,106.564,16.9874,-74.6007,-142.296,144.029,57.8632,-31.9951,-110.791,169.232
69.0,103.198,-53.1283,148.834,77.6804,6.15617,-70.8158,-175.006,75.3888,-9.62486,-73.8935,-152.323,107.339,17.0853,-73.8741,-144.152,141.72,60.597,-32.5769,-107.191,-178.124
70.0,103.415,-54.8521,149.845,85.262,7.46332,-69.1727,-174.713,74.4412,-7.95332,-73.3887,-150.456,107.219,18.1965,-69.6053,-137.478,145.847,62.7126,-26.552,-103.835,-172.218
71.0,106.302,-53.7744,147.975,82.1044,10.2476,-68.052,-174.151,76.6783,-8.9721,-69.8562,-149.332,110.531,19.1188,-68.9768,-136.88,147.344,64.7329,-30.0485,-103.166,-172.888
72.0,111.808,-55.1278,147.919,83.5662,11.5745,-68.5386,-173.508,76.169,-6.10094,-66.9899,-149.201,110.751,21.6951,-64.0962,-133.156,148.908,64.134,-25.6551,-95.8125,-165.418
73.0,105.461,-55.5251,148.493,83.5636,9.62879,-65.999,-173.651,76.9264,-6.61573,-66.2883,-144.006,111.285,21.2352,-67.8065,-134.661,151.962,63.9039,-22.3622,-97.581,-168.516
74.0,111.782,-55.5843,149.61,85.7648,12.215,-64.3956,-173.874,76.7849,-5.52761,-65.4624,-145.75,112.348,21.4351,-65.0572,-130.179,153.527,68.396,-20.737,-92.0328,-159.296
75.0,111.057,-58.0021,148.094,92.2729,12.4903,-62.2767,-173.421,78.8387,-1.62536,-63.5353,-142.83,110.993,22.4049,-62.1757,-127.814,155.177,68.6368,-22.6101,-91.6536,-154.513
76.0,102.211,-59.2032,150.542,88.2605,15.6804,-61.0994,-173.552,78.9839,-1.05482,-65.1002,-142.048,112.264,20.8374,-60.4757,-128.533,158.16,72.3411,-16.3592,-87.2122,-148.898
77.0,112.197,-60.4436,146.605,93.2122,19.489,-60.5637,-172.94,80.0744,0.60758,-59.9739,-140.105,113.439,28.9766,-62.4904,-123.938,155.777,72.7557,-18.2096,-88.253,-151.812
78.0,108.102,-62.3205,145.441,96.3076,18.8115,-58.0975,-172.234,79.495,0.538456,-60.6372,-137.164,108.49,27.0441,-59.1487,-122.869,158.574,69.4422,-14.5374,-80.0562,-153.827
79.0,107.19,-64.9038,147.79,98.1556,19.0451,-57.9655,-175.06,81.1256,0.86795,-61.9023,-138.399,113.416,25.3708,-56.057,-121.144,156.513,76.4312,-14.6307,-86.6274,-142.169
80.0,120.426,-65.1988,144.382,109.805,20.6911,-59.4138,-173.028,79.711,-0.0338477,-58.0573,-138.146,112.753,25.3928,-55.7484,-107.81,157.275,71.7975,-12.025,-72.9313,-142.299
81.0,110.35,-69.5656,142.111,100.954,20.1675,-57.3975,-176.78,81.1623,-0.482535,-60.5808,-135.052,111.845,26.6488,-53.0124,-118.981,161.005,73.1387,-9.57604,-79.2825,-128.24
82.0,112.353,-70.9633,140.914,140.365,24.8674,-58.0472,-176.923,79.6161,-1.1022,-61.0751,-134.126,112.047,24.4909,-56.0015,-117.947,165.611,75.5624,-6.0936,-74.0035,-150.073
83.0,111.194,-70.1339,141.241,146.493,24.0308,-55.4603,-177.902,80.4969,0.887101,-61.2389,-130.682,117.85,31.7846,-56.118,-116.967,161.877,74.1183,2.38251,-68.4819,-133.013
84.0,115.643,-77.5378,135.245,177.755,27.6583,-52.4638,179.947,84.5528,0.00909021,-56.6105,-125.794,109.049,25.0962,-52.6347,-115.669,152.225,81.8609,2.3916,-62.4192,-135.032
85.0,119.581,-82.8486,134.39,-167.924,36.3479,-48.7782,177.655,79.0262,-2.57984,-53.1444,-123.162,116.963,19.0892,-58.677,-116.317,164.204,69.4252,-0.831285,-52.5367,-132.605
86.0,115.744,-90.6395,131.627,-153.676,36.07,-46.6641,171.218,76.8473,-7.25525,-59.9092,-118.101,101.435,24.4481,-55.0615,-114.746,158.802,89.4776,11.7182,-45.1572,-100.51
87.0,119.696,-95.0902,120.055,-142.796,41.0102,-40.6399,166.196,84.5142,-11.4237,-53.9285,-112.366,100.646,23.4604,-72.5398,-107.943,152.99,100.467,44.6387,-65.3912,-96.4696
88.0,118.739,-102.824,105.602,-124.385,44.2313,-36.6334,158.476,65.3348,-96.6651,-56.9412,-104.657,112.102,32.0679,-117.832,-101.247,149.034,-58.8252,53.4973,-62.801,-96.2826
89.0,132.219,-116.256,102.523,-124.949,55.8988,-29.4001,135.45,87.0431,-121.55,-60.086,-95.1165,86.6542,5.82535,-163.904,-111.956,122.24,-105.445,97.0251,1.62204,-59.9492
90.0,122.878,-123.01,75.221,-121.37,58.1532,-17.5244,103.565,-64.8848,-148.521,-65.661,-60.734,-5.08047,-68.6099,161.716,134.747,44.871,-108.252,134.335,61.4465,-33.9387
91.0,123.632,-134.452,63.444,-114.147,64.943,-2.33676,74.2217,-68.3515,-152.717,-39.2277,-34.9136,-20.3363,-156.546,161.095,94.6652,27.1853,-101.84,134.476,61.8763,-14.3247
92.0,130.844,-139.581,40.3352,-109.718,71.5492,26.6557,49.9211,-76.0663,-162.46,98.1852,0.695865,-39.5954,-136.918,147.336,26.518,-3.89834,-93.5249,151.654,61.8778,-9.17557
93.0,114.032,-149.627,34.9539,-106.412,106.868,46.4098,48.686,-89.1806,-171.295,135.04,13.7085,-40.8915,-125.853,148.655,58.4692,-9.83921,-102.706,145.304,77.4341,10.7134
94.0,133.719,-158.124,20.953,-102.319,138.008,74.477,35.8363,-85.1146,-172.359,114.957,9.33618,-44.0696,-143.264,142.759,57.6192,-4.28012,-102.362,154.537,78.328,16.3109
95.0,142.744,-162.257,14.1836,-98.2868,144.267,87.3385,36.3195,-88.8022,-171.124,116.104,20.5842,-44.0807,-142.322,135.263,77.7088,-2.64453,-102.149,151.269,89.5888,13.4729
96.0,127.599,-170.462,10.0049,-100.292,154.639,89.9627,32.2402,-88.8763,-173.927,121.047,24.9181,-51.7145,-143.578,142.413,62.5405,-8.02828,-104.881,163.891,94.7462,17.9735
97.0,134.243,-174.638,6.88162,-99.6237,158.345,89.6079,30.8703,-90.9784,-172.532,119.983,22.4942,-53.2939,-143.392,133.209,63.0821,-8.85129,-105.443,155.892,89.9128,23.9138
98.0,112.788,-179.18,4.65065,-99.6787,159.701,92.1723,29.3478,-90.8103,-173.733,121.05,24.8573,-53.8548,-147.568,134.704,62.4348,-8.72272,-108.295,151.25,82.2403,22.4163
99.0,138.039,177.132,0.439227,-96.8076,164.955,96.9116,27.7218,-92.6013,-173.154,118.166,31.4528,-52.6186,-148.452,132.942,64.5881,-10.5815,-104.424,156.186,92.3233,28.9294
100.0,152.251,175.618,-1.63954,-98.2516,173.221,94.7691,24.6642,-94.1449,-175.209,117.759,27.6159,-53.6611,-148.075,136.351,62.3871,-12.5622,-105.737,154.798,89.8802,25.0718
101.0,153.264,172.577,-3.09564,-98.0523,167.035,96.3659,24.97,-92.6601,-173.749,117.971,33.3875,-55.4014,-147.201,135.577,58.2352,-16.7908,-105.003,161.244,93.5921,20.1636
102.0,-179.95,168.943,-5.16482,-96.0528,174.622,94.3427,24.9322,-93.2496,-173.399,120.041,30.0905,-57.6653,-148.985,134.673,56.7156,-15.3649,-110.152,156.711,92.2548,23.4842
103.0,172.373,167.535,-5.64836,-95.0708,177.667,95.763,23.7654,-93.081,-176.987,116.261,32.619,-56.5463,-152.595,131.035,57.8371,-12.3068,-111.079,158.486,86.7697,18.4171
104.0,164.911,163.993,-8.26337,-96.0646,177.973,96.3026,22.6085,-92.0789,-174.231,114.341,29.9492,-58.5725,-150.092,130.538,60.3685,-18.5756,-111.261,153.206,82.9795,15.1797
105.0,-168.484,163.606,-10.0929,-96.359,177.965,96.833,21.8519,-95.4129,-178.629,112.025,31.3333,-56.1953,-152.237,127.873,58.3832,-16.9254,-112.29,153.24,81.4986,15.6107
106.0,-168.068,162.293,-10.9243,-94.4876,179.502,93.4734,20.6552,-96.0519,179.415,113.898,28.8871,-59.1839,-152.771,128.606,53.5729,-22.0728,-110.224,158.34,81.329,18.0796
107.0,-139.181,160.557,-11.2143,-96.1513,179.237,93.7088,19.7091,-95.3851,178.727,112.649,30.8621,-59.0968,-153.524,126.172,53.9539,-21.3554,-112.327,150.734,82.7966,14.533
108.0,-135.945,159.769,-14.0384,-97.0779,179.153,93.7504,19.4006,-97.4343,-179.65,111.221,27.9558,-58.4077,-154.401,124.962,52.9259,-22.0639,-116.187,153.557,80.2504,12.3311
109.0,-115.291,159.129,-13.9142,-98.148,178.129,95.056,18.5003,-97.6425,178.205,108.556,26.9073,-60.7821,-155.115,121.975,47.9132,-24.4609,-115.62,149.244,82.0288,13.4845
110.0,-141.854,155.851,-15.6022,-97.3306,-178.681,92.9026,18.2458,-97.5218,176.894,107.973,28.2793,-60.7826,-155.022,122.742,49.3688,-28.472,-116.558,150.825,82.1974,10.7271
111.0,-104.656,156.159,-15.328,-99.7152,177.731,92.7589,17.1331,-99.1364,176.607,105.657,25.8501,-62.8639,-157.243,120.157,45.8624,-29.0652,-116.645,150.412,75.9898,3.3407
112.0,-117.319,155.191,-15.4882,-97.7844,178.395,90.8576,16.2553,-98.6558,175.664,106.317,25.1377,-63.2211,-157.805,117.32,45.6788,-31.5411,-120.788,146.507,73.2461,-0.510145
113.0,-120.476,154.031,-14.8846,-97.1202,172.493,93.6846,14.9549,-100.641,173.963,103.714,24.1877,-65.0556,-160.888,116.361,42.6442,-34.1837,-123.253,147.231,69.9917,0.356268
114.0,-116.074,153.916,-14.9862,-100.035,172.873,93.2078,15.9666,-101.334,174.314,101.634,20.277,-65.9178,-161.573,114.423,41.689,-36.6996,-125.028,142.987,70.3308,-0.48477
115.0,-116.7,152.587,-16.8384,-99.1412,171.027,93.201,14.6369,-101.806,173.339,99.164,20.4262,-66.7145,-161.642,114.339,37.2687,-38.113,-126.902,142.346,69.8288,-8.61663
116.0,-127.981,151.552,-17.5938,-94.5916,166.657,92.2033,13.7224,-102.658,171.969,97.5597,18.2758,-66.2811,-163.364,111.313,37.8094,-40.36,-126.4,141.684,71.0341,-9.83217
117.0,-118.771,151.07,-17.4442,-97.8578,166.12,90.1948,13.3737,-103.479,170.087,95.9613,16.8188,-68.5088,-165.07,110.933,32.4203,-43.4442,-129.677,142.194,65.2626,-8.41435
118.0,-111.309,151.142,-18.0829,-103.224,166.488,93.7594,12.0924,-105.936,170.247,91.6339,13.9149,-69.6154,-165.452,107.881,33.0138,-46.3792,-133.808,142.49,64.9769,-10.7197
119.0,-110.997,150.721,-18.3011,-102.359,162.181,97.87,12.0805,-106.743,168.228,90.8704,13.4401,-72.4439,-166.912,106.881,27.7598,-54.0457,-134.629,136.52,62.6788,-18.0592
120.0,-103.576,150.172,-18.7192,-103.335,162.244,95.1488,11.8427,-107.062,167.666,87.8201,10.2664,-74.6737,-167.599,105.024,26.6167,-52.5602,-138.945,135.248,63.6901,-20.9239
121.0,-107.424,149.49,-19.9738,-103.156,161.941,95.9307,11.1207,-107.496,164.949,87.3138,8.56308,-74.43,-168.502,102.552,22.751,-59.0514,-138.328,134.417,60.9604,-20.0104
122.0,-104.189,148.054,-20.1478,-105.289,160.526,92.2806,9.2849,-109.707,165.092,84.1706,6.49297,-76.607,-171.098,100.925,20.057,-59.3207,-142.366,131.614,58.4776,-22.2217
123.0,-115.711,147.92,-20.6034,-104.968,160.939,91.9464,9.1558,-110.006,163.531,81.6897,3.80002,-78.711,-171.266,99.9629,16.1133,-62.3896,-146.174,128.537,55.1239,-27.9141
124.0,-102.625,146.737,-21.7351,-107.373,160.591,89.2941,8.02481,-110.353,161.979,80.9911,1.18426,-80.0816,-173.349,96.7605,16.5495,-67.2095,-147.939,128.22,54.0808,-29.1758
125.0,-100.034,146.558,-22.1769,-109.156,160.164,90.9769,6.78337,-111.967,160.233,78.126,-0.602795,-82.8928,-174.469,96.4845,12.2984,-72.2105,-152.846,129.191,53.2295,-31.0689
126.0,-105.54,145.368,-22.625,-109.298,158.991,89.19,6.15171,-112.812,159.121,76.4452,-5.75228,-83.7027,-175.459,94.2038,11.4785,-77.7121,-157.832,121.751,50.1097,-32.9549
127.0,-100.74,145.4,-23.8634,-108.995,157.769,86.4952,5.45879,-113.991,158.025,74.1062,-7.56903,-86.6619,-177.556,93.3491,6.03954,-78.0222,-161.442,124.958,52.1318,-35.5671
128.0,-104.341,144.695,-24.3517,-111.765,158.48,83.7245,4.21042,-115.335,156.56,70.6046,-11.0391,-88.4052,-179.455,91.1839,3.09541,-83.0902,-161.854,117.878,50.8561,-43.7334
129.0,-102.17,144.175,-24.3078,-112.334,155.992,82.8044,3.29903,-115.793,155.742,69.3393,-15.1151,-89.4654,179.398,89.157,0.366266,-88.1126,-162.754,120.338,46.0579,-39.0352
130.0,-103.485,143.758,-25.6633,-113.666,155.913,82.353,1.86912,-117.101,154.248,65.7685,-15.9959,-94.8555,177.397,88.0818,-2.39061,-89.6954,-170.068,117.565,46.0789,-42.6707
131.0,-97.7805,143.007,-26.2725,-114.227,154.433,82.1493,0.498493,-117.01,152.115,63.2436,-19.7757,-97.038,177.084,85.7495,-5.94521,-92.383,-175.473,115.765,41.0016,-43.8135
132.0,-98.7588,142.612,-26.7877,-115.6,153.351,78.5021,0.159693,-119.486,151.08,61.0128,-21.8466,-100.021,174.803,85.0382,-7.8825,-97.5721,-179.31,110.777,40.442,-39.4146
133.0,-100.735,142.238,-27.005,-117.197,153.512,77.1542,-2.51389,-120.611,149.589,58.823,-25.0141,-104.465,172.464,84.0718,-9.24954,-100.005,176.652,112.08,42.4983,-47.7953
134.0,-104.64,141.161,-28.4077,-118.383,151.806,73.5771,-2.98844,-121.023,147.619,57.0575,-28.4022,-105.944,169.658,82.2723,-11.7271,-105.045,173.796,105.504,44.7683,-50.783
135.0,-99.3594,140.752,-28.2693,-117.623,149.716,73.7853,-4.41515,-121.667,146.265,55.1224,-32.1814,-110.659,169.089,81.127,-13.9417,-107.101,168.948,106.996,45.005,-50.4339
136.0,-101.502,140.624,-29.4878,-121.211,149.322,71.1212,-6.23486,-123.382,144.965,52.5749,-32.9332,-114.544,166.276,80.2458,-17.7122,-108.856,159.657,105.281,45.1787,-39.9345
137.0,-103.107,139.948,-29.6056,-121.709,147.317,69.7326,-7.92784,-123.836,142.852,50.7327,-35.4799,-117.694,166.505,78.8417,-17.9782,-111.953,164.495,106.613,50.9444,-33.168
138.0,-106.776,139.147,-30.0725,-122.53,147.428,67.7916,-9.55811,-125.722,142.729,48.7231,-40.7917,-123.026,163.075,78.5848,-19.3894,-112.272,151.938,112.843,50.5838,-34.2974
139.0,-96.6605,138.597,-31.1485,-123.904,145.41,65.1026,-11.1816,-126.006,140.706,46.1928,-42.6853,-124.812,160.733,77.1772,-21.2205,-116.164,152.143,108.994,57.1937,-24.5584
140.0,-100.588,138.171,-30.9578,-125.11,144.318,62.7915,-12.5906,-127.184,138.578,44.1869,-44.3603,-131.418,159.398,74.6516,-22.8398,-117.757,149.73,112.392,60.379,-16.5546
141.0,-100.232,138.232,-32.1837,-126.465,143.232,61.222,-15.6475,-128.057,137.136,41.6421,-46.9374,-134.872,155.153,78.5802,-23.9984,-119.028,136.574,123.609,76.4917,-13.935
142.0,-95.3608,138.424,-32.4332,-126.974,142.134,59.2194,-17.6296,-128.588,136.072,40.1171,-50.1487,-137.144,154.548,75.2616,-22.8769,-121.767,140.248,113.12,77.245,-7.53247
143.0,-101.92,137.239,-33.0773,-128.156,141.079,56.4216,-20.7587,-130.187,135.871,38.5324,-51.9558,-142.837,153.993,76.8821,-23.0414,-122.173,143.971,133.91,79.2346,-3.19097
144.0,-97.2437,136.653,-33.5132,-129.646,139.058,55.0916,-22.4897,-130.329,134.201,36.7751,-52.8396,-146.084,150.317,74.625,-24.6206,-118.022,147.923,132.213,81.0161,-6.93066
145.0,-103.368,135.663,-34.5026,-131.012,137.921,52.7258,-25.4353,-131.807,132.657,34.0728,-55.3702,-153.518,152.189,77.9438,-22.0224,-114.829,177.265,142.622,84.6124,-1.43216
146.0,-102.439,135.8,-34.0824,-131.855,136.51,51.3781,-28.4732,-131.977,131.419,33.604,-58.7765,-156.664,148.894,77.9381,-17.6867,-111.671,-156.587,144.187,88.6693,2.75392
147.0,-98.6996,135.279,-34.3038,-133.554,135.181,49.807,-31.6048,-133.012,130.519,30.9452,-59.062,-161.65,148.683,81.4836,-16.2863,-103.487,-157.403,152.124,79.863,4.94645
148.0,-99.3101,134.7,-35.1719,-135.276,134.435,47.5544,-34.2556,-133.374,129.454,29.977,-59.7648,-165.909,145.261,84.7406,-10.1672,-103.188,-146.028,154.698,86.5682,5.08268
149.0,-94.9121,134.505,-36.8104,-135.149,134.378,44.9181,-38.0838,-135.469,128.282,27.0624,-63.2465,-167.515,147.895,85.1925,-2.09576,-88.4608,-141.592,148.729,79.7739,-1.52249
150.0,-94.5685,133.413,-38.2779,-137.089,132.826,41.7624,-42.7445,-135.851,127.194,26.6251,-63.8907,-175.814,147.807,90.213,2.14688,-78.2134,-138.964,153.296,76.4917,-9.99562
151.0,-97.5844,133.535,-36.465,-137.238,128.675,43.3161,-46.9373,-137.288,126.438,24.69,-64.7462,-174.326,152.873,99.9266,14.824,-69.0107,-133.407,150.77,80.0943,-9.22734
152.0,-96.8512,133.352,-36.6103,-138.477,127.221,40.986,-50.2142,-136.618,124.594,24.1756,-64.2193,-177.402,150.701,101.721,19.847,-65.1113,-133.559,148.97,69.2528,-9.18666
153.0,-100.637,133.31,-37.6144,-138.831,125.518,39.5885,-55.3679,-137.989,125.428,23.2827,-67.5154,-176.726,163.171,112.831,22.2318,-56.2525,-137.36,141.804,72.7986,-12.6644
154.0,-98.8244,132.168,-38.1357,-139.985,123.249,37.922,-60.892,-139.53,123.954,23.0954,-69.2252,178.072,159.925,116.84,32.2306,-55.3352,-135.558,138.898,67.9799,-19.474
155.0,-100.336,131.569,-38.2051,-141.353,122.131,36.5256,-65.3027,-139.973,123.948,20.5959,-67.617,-179.265,179.528,116.655,33.247,-53.8696,-136.36,135.199,66.4042,-18.2789
156.0,-93.1511,131.977,-38.6241,-142.088,120.662,34.4118,-69.2798,-140.798,122.789,21.675,-67.5237,-177.744,-178.982,123.649,34.2737,-52.8829,-138.596,132.05,61.2621,-21.3669
157.0,-94.2487,131.59,-38.9132,-142.423,119.001,31.7184,-74.8549,-140.692,122.161,22.1403,-68.6506,-174.394,-171.016,124.444,39.1106,-54.0968,-141.156,127.591,60.6737,-22.5088
158.0,-94.9973,130.832,-39.388,-143.905,117.58,30.7817,-79.9976,-140.301,122.555,21.8315,-68.8141,-168.44,-163.314,123.525,38.9951,-53.2295,-143.822,124.047,51.6482,-29.4192
159.0,-94.9383,130.457,-39.7052,-144.844,116.062,27.6737,-84.2346,-142.715,122.964,24.6361,-66.3278,-166.131,-160.064,121.32,37.5637,-57.0303,-148.805,123.748,46.8393,-36.4483
160.0,-98.6667,130.117,-40.3227,-145.531,115.295,26.6513,-89.6877,-144.121,122.971,24.8438,-66.4634,-152.741,-160.83,118.164,32.3872,-58.4889,-148.014,123.672,46.4626,-31.4043
161.0,-97.1407,129.694,-40.9487,-146.606,113.626,24.2847,-92.908,-144.229,124.608,27.5439,-61.6261,-142.651,-155.127,117.478,33.9354,-60.9286,-147.326,119.692,43.4425,-42.9257
162.0,-96.3525,128.873,-41.2846,-146.593,111.537,21.3914,-98.0315,-143.611,125.891,28.3485,-56.5454,-133.528,-160.041,115.832,32.0037,-63.1109,-151.769,120.47,42.0793,-40.8459
163.0,-95.9092,127.701,-41.2924,-148.131,110.638,19.2626,-100.439,-144.042,126.938,31.6479,-53.0412,-120.487,-163.223,112.401,28.2931,-68.593,-153.376,112.556,42.7903,-41.6629
164.0,-95.6129,128.156,-41.7842,-149.24,108.975,15.8006,-105.205,-146.287,127.277,35.7376,-49.459,-111.882,-160.705,109.535,23.3571,-71.8219,-158.051,112.752,46.4125,-38.1429
165.0,-99.663,127.646,-41.9438,-149.82,108.081,13.9567,-109.312,-147.779,132.387,39.1723,-41.7566,-102.234,-163.382,105.569,19.9124,-75.7221,-159.266,112.407,40.5252,-33.6379
166.0,-97.1008,127.473,-42.3139,-150.916,107.408,11.7671,-111.919,-147.043,135.785,43.3901,-35.8719,-100.394,-170.396,101.689,17.2255,-79.7574,-162.815,111.939,39.0348,-33.3983
167.0,-94.6563,126.847,-43.1429,-151.804,105.686,9.65298,-116.156,-147.215,138.398,45.5144,-32.5066,-99.4356,-172.498,99.7492,12.2641,-84.7199,-160.861,112.633,40.0241,-37.8839
168.0,-101.086,125.847,-43.2404,-152.402,104.854,6.85398,-118.754,-149.652,141.148,52.1375,-25.4603,-97.4517,-174.959,96.3206,9.59915,-85.6002,-163.644,111.543,45.1529,-28.4198
169.0,-97.477,125.226,-43.1017,-152.87,103.48,5.01003,-121.841,-150.212,148.199,58.169,-20.6102,-96.5329,-177.251,91.3917,3.70107,-93.1759,-165.67,112.585,45.274,-18.801
170.0,-97.9427,125.905,-43.0842,-152.816,102.491,2.83766,-124.919,-147.35,152.341,60.5718,-20.0472,-98.8559,-179.19,88.9179,-3.59509,-96.9466,-171.444,115.939,52.8326,-30.8305
171.0,-99.7388,125.24,-43.5221,-154.296,101.27,0.484824,-126.986,-143.21,158.714,67.6228,-15.9932,-98.9384,178.097,83.4127,-6.48349,-99.1588,-168.67,113.184,60.234,-27.1156
172.0,-95.1435,125.204,-44.0391,-154.386,101.116,-1.38615,-128.827,-147.632,163.193,72.0492,-13.912,-97.3934,173.869,83.0349,-6.91114,-106.792,-172.937,120.618,59.4241,-23.9362
173.0,-98.5569,124.356,-43.8443,-155.005,99.8859,-4.08358,-131.773,178.178,166.809,75.7415,-15.9971,-98.8004,168.939,79.4039,-10.9321,-108.772,-172.205,130.318,59.1668,-23.1258
174.0,-97.846,123.864,-44.7857,-155.233,99.4613,-5.20255,-132.404,-46.7233,171.852,79.4062,-11.0996,-102.32,167.104,76.1567,-16.0894,-116.543,-170.592,126.727,60.9512,-19.5006
175.0,-92.5927,123.444,-45.1946,-155.333,98.3598,-5.71628,-133.52,17.3083,173.255,82.5255,-11.8034,-101.688,165.354,72.8673,-21.0135,-116.953,-164.943,139.236,64.1996,-12.4899
176.0,-98.2191,122.791,-45.3905,-156.123,98.1665,-6.04445,-135.692,13.1494,175.771,84.409,-13.8466,-102.994,163.109,72.3387,-20.4479,-117.728,-170.836,139.45,63.6295,-26.9387
177.0,-94.587,123.073,-44.9449,-156.452,97.4192,-8.42125,-136.699,16.1092,177.663,84.6012,-12.0032,-104.527,161.585,71.8601,-26.7095,-123.311,-175.406,142.754,65.5814,-23.572
178.0,-96.3284,122.749,-45.7823,-157.13,96.6575,-7.44538,-138.079,11.0334,179.128,85.6951,-14.408,-106.53,158.466,67.6099,-27.7132,-121.095,-170.8,144.88,64.5486,-21.5454
179.0,-95.2062,121.54,-46.1503,-157.707,97.18,-9.73332,-137.548,14.6246,178.042,86.7369,-14.5243,-106.237,155.506,67.4658,-30.6793,-126.745,-165.681,139.787,64.178,-18.0219
180.0,-95.272,121.457,-46.1141,-158.102,96.2743,-8.83646,-139.548,14.7133,178.618,85.5917,-16.1954,-108.931,156.611,66.0828,-31.1913,-120.924,-173.657,130.259,59.8912,-25.1338
181.0,-94.4487,121.449,-46.2823,-158.697,96.2878,-9.74689,-139.146,6.33269,175.233,84.2002,-17.7782,-109.437,152.874,67.973,-30.1154,-119.906,-171.94,138.164,66.8736,-28.055
182.0,-96.9496,120.955,-46.1414,-158.699,95.9297,-10.7839,-140.274,22.3176,177.375,85.5887,-19.7041,-111.446,153.451,66.1901,-29.0218,-119.247,-170.52,129.384,57.8907,-32.7075
183.0,-96.4902,120.283,-46.5114,-159.276,95.5865,-11.8295,-138.904,-16.1877,172.35,82.9613,-18.8309,-112.372,152.729,65.2314,-26.7524,-114.839,-167.219,124.954,55.8917,-35.3255
184.0,-95.6133,120.453,-46.5215,-159.479,96.7002,-11.2041,-138.66,-51.2161,169.752,79.6113,-21.6181,-114.981,154.079,66.5135,-25.5737,-111.471,-169.468,119.245,51.5785,-34.8826
185.0,-95.8204,120.03,-46.888,-159.868,96.7762,-11.9489,-137.224,-116.474,166.112,77.0536,-23.4451,-115.131,150.865,69.0166,-23.701,-105.758,-170.57,118.623,44.0412,-34.3026
186.0,-92.6979,119.931,-46.6846,-160.325,95.6785,-10.0849,-136.697,-125.138,163.247,75.236,-24.3725,-118.773,152.961,69.5164,-17.8481,-102.331,-171.226,115.063,28.2941,-39.3228
187.0,-92.7663,119.426,-46.589,-160.624,96.392,-10.4196,-134.242,-150.378,156.891,69.2289,-27.7017,-120.218,151.87,74.7551,-15.9859,-99.0882,-174.992,103.694,33.1633,-45.9348
188.0,-96.7968,119.588,-46.9923,-160.888,96.8339,-10.1081,-130.759,-138.877,153.128,62.797,-32.7033,-120.762,155.862,78.7767,-10.0484,-98.0628,-172.976,105.906,25.5857,-59.0704
189.0,-91.2785,119.245,-46.5856,-160.465,97.6442,-9.13038,-130.388,-147.07,148.686,58.1175,-34.8724,-125.594,159.693,78.276,-10.1435,-95.546,-175.8,99.2776,23.6572,-50.3448
190.0,-90.5939,119.029,-47.3891,-161.253,97.5622,-7.26107,-125.54,-148.756,142.347,50.6052,-39.0403,-126.916,160.667,82.61,-5.69679,-92.5067,-175.265,95.012,18.0711,-53.9702
191.0,-94.2823,118.458,-47.2626,-161.752,97.6683,-6.34426,-121.96,-145.871,139.406,45.4221,-43.2405,-131.033,160.92,83.595,-1.92813,-89.3018,-176.382,93.7548,19.7044,-59.9193
192.0,-87.4759,118.709,-47.1443,-161.92,98.1844,-4.98251,-117.717,-148.821,136.306,40.4002,-47.2467,-136.412,163.744,88.1385,-0.951055,-90.5747,-176.244,90.5691,16.2052,-58.2815
193.0,-90.545,118.183,-47.1689,-161.914,99.2017,-2.23448,-111.173,-151.968,132.567,34.1058,-53.1225,-139.686,169.324,93.3602,5.1695,-87.6753,-175.918,91.7224,15.5917,-64.0747
194.0,-91.2635,117.962,-47.0409,-162.357,99.7551,-0.966255,-105.241,-150.105,127.567,29.7515,-59.2641,-145.883,170.884,93.4214,4.18756,-84.1971,-176.465,88.6891,19.7223,-63.5865
195.0,-91.2104,118.104,-47.2181,-162.179,101.162,1.88918,-99.0013,-151.761,125.786,22.6863,-66.0698,-152.008,-179.892,100.375,7.03213,-85.5109,-176.187,86.3716,15.6541,-59.5288
196.0,-87.9895,117.898,-47.1296,-161.753,101.326,4.76727,-94.471,-151.544,121.764,18.8202,-72.4297,-158.581,176.645,98.4277,10.8444,-84.7263,-176.716,90.4564,18.0848,-64.9842
197.0,-87.8924,117.867,-46.9107,-162.349,101.969,6.77113,-89.397,-152.507,119.678,15.0132,-77.3639,-172.195,-176.09,102.385,8.76214,-84.5258,-176.184,89.6317,18.9624,-65.3241
198.0,-90.2955,117.343,-47.328,-162.437,103.509,10.2131,-82.3571,-153.065,117.496,9.87207,-85.0079,178.065,-176.172,102.879,13.5981,-84.1811,-176.428,91.9722,18.6732,-67.3634
199.0,-90.1733,117.746,-47.3692,-162.836,105.242,12.5095,-78.2416,-152.3,116.992,10.1492,-88.779,173.462,-176.868,103.623,12.2026,-87.2307,-174.512,91.4234,21.8833,-53.7944
200.0,-85.9016,117.137,-46.9279,-162.562,106.34,16.1084,-76.0315,-152.098,113.549,6.40393,-93.3385,159.725,-172.929,104.193,7.85329,-85.1592,-170.579,98.9784,23.7701,-54.6025
201.0,-86.0987,117.007,-47.0822,-162.667,108.453,18.8881,-70.2419,-152.517,112.215,5.38984,-96.4863,153.696,-167.526,102.457,8.73795,-88.406,-173.825,94.3293,29.0716,-55.9751
202.0,-85.6116,117.005,-47.0735,-162.693,109.628,22.4828,-67.3998,-152.892,111.306,3.95082,-99.2404,151.394,-172.779,93.0739,6.6083,-92.0451,-177.111,102.1,29.9862,-49.8125
203.0,-86.5545,116.785,-46.9789,-162.256,111.203,27.1294,-65.1179,-152.776,110.097,3.60978,-100.908,145.623,174.465,95.1719,3.06006,-89.6212,-177.793,97.8258,38.3068,-47.6518
204.0,-84.595,117.262,-47.0529,-162.917,113.352,29.4085,-62.2433,-153.099,109.408,2.07954,-101.724,146.028,177.068,83.6899,-4.31639,-93.555,-173.648,106.819,38.3328,-52.0861
205.0,-84.5433,116.098,-47.4254,-162.91,114.952,32.4031,-59.8046,-152.833,108.144,2.0823,-102.825,146.128,171.821,80.5606,-7.48083,-96.5973,179.083,104.306,42.784,-45.6898
206.0,-84.8709,116.399,-47.108,-162.689,116.728,36.8363,-58.5461,-153.458,107.299,1.29148,-101.653,148.403,159.835,71.0442,-16.9263,-103.123,-178.682,116.205,44.6544,-52.4349
207.0,-86.134,115.933,-46.6481,-163.092,119.645,40.0123,-55.9902,-153.351,107.046,2.13912,-103.25,155.067,158.226,65.0078,-21.0964,-115.528,172.987,114.33,44.1721,-44.4929
208.0,-85.1059,116.198,-46.8516,-162.696,121.172,42.4596,-54.9069,-152.882,106.748,2.66534,-101.724,154.631,142.37,57.5491,-34.6952,-118.209,179.251,111.881,44.1391,-44.5064
209.0,-85.0548,115.904,-47.0605,-162.495,124.969,46.8195,-53.071,-153.008,107.403,2.14321,-101.255,161.139,133.1,52.8593,-40.1282,-131.491,172.364,122.943,41.0241,-42.5906
210.0,-83.4183,115.792,-46.582,-162.086,127.856,49.1212,-51.7226,-152.479,106.34,3.00632,-99.6568,162.984,137.948,47.0635,-51.5353,-135.545,159.457,121.588,50.6418,-40.6149
211.0,-82.4851,115.71,-46.652,-162.002,130.39,52.4147,-51.1408,-152.576,104.739,3.25647,-97.9718,172.141,135.213,41.8888,-56.9948,-148.813,156.904,123.595,44.6334,-47.3834
212.0,-82.3216,116.153,-46.5557,-162.101,133.572,54.7832,-49.8783,-153.033,106.133,5.51281,-96.5818,178.626,129.462,38.0317,-59.0291,-153.415,136.881,117.908,32.8534,-40.4763
213.0,-81.6752,115.578,-46.3581,-162.085,135.735,57.5863,-49.1833,-152.322,105.856,5.14525,-93.3082,-175.808,128.812,36.9845,-62.5967,-165.829,135.966,112.188,32.7255,-49.6934
214.0,-81.4995,115.944,-46.7089,-162.505,139.466,59.7206,-48.4232,-152.345,106.061,6.06154,-90.8481,-177.089,127.291,35.757,-69.1404,-172.571,115.96,104.48,26.7251,-60.3349
215.0,-81.939,115.348,-46.819,-161.621,144.01,62.4172,-46.9198,-152.029,105.941,8.60346,-87.6837,-169.043,124.38,33.4922,-69.8177,-166.628,116.511,93.2448,21.0224,-57.5997
216.0,-82.8598,115.791,-46.5641,-162.603,146.769,65.7763,-46.6666,-151.628,107.449,9.08423,-84.9485,-165.914,125.474,32.0392,-71.2141,-167.384,119.363,84.2297,-0.597663,-66.8011
217.0,-79.7443,116.141,-46.2946,-161.653,151.829,66.6629,-45.7332,-151.683,108.046,12.0394,-81.3267,-162.883,122.345,32.3411,-72.5719,-168.689,113.148,72.8071,-8.36164,-91.8842
218.0,-80.2788,115.711,-46.1846,-161.735,152.703,68.7806,-45.2126,-151.133,107.755,12.4936,-78.3882,-160.557,124.234,32.6836,-72.6118,-171.221,110.316,69.4938,-6.76269,-98.4816
219.0,-77.099,115.223,-46.1197,-161.159,157.864,71.5472,-44.6794,-151.286,107.771,15.0776,-75.0877,-158.305,123.211,30.7281,-72.0243,-171.872,114.629,57.6734,-22.9484,-102.909
220.0,-74.9152,115.604,-46.1282,-161.099,161.209,72.8142,-43.9479,-151.065,109.267,16.7172,-71.7753,-156.079,124.997,32.0533,-70.0884,-172.511,119.421,51.5439,-22.3482,-109.826
221.0,-76.6505,115.787,-46.1657,-160.278,163.549,74.3531,-44.0723,-150.191,111.179,19.1895,-68.2664,-153.885,121.898,32.4477,-68.6305,-167.684,125.29,51.9324,-27.5849,-122.346
222.0,-76.4087,115.692,-46.1137,-161.281,165.734,75.8285,-43.3725,-150.75,111.379,21.953,-64.9092,-150.942,122.643,31.2176,-68.4891,-163.477,129.86,45.3051,-31.739,-114.686
223.0,-72.7107,115.553,-45.3311,-159.507,169.451,77.4659,-42.766,-149.866,112.126,24.2499,-60.0212,-150.601,125.099,33.2555,-65.9804,-161.663,130.708,46.8204,-32.45,-128.135
224.0,-74.3563,115.588,-45.0299,-161.427,174.539,79.283,-42.4038,-150.271,112.766,27.1379,-59.6296,-148.86,125.411,34.1646,-63.5983,-161.243,129.786,45.7893,-31.3856,-116.279
225.0,-74.5446,115.182,-45.5203,-160.448,175.991,81.1514,-41.7359,-149.188,113.511,30.0491,-55.224,-146.536,125.172,35.1759,-61.5428,-157.525,136.302,46.5173,-33.3022,-121.28
226.0,-71.9335,116.452,-45.1906,-159.76,179.068,82.1367,-41.3136,-149.18,114.368,33.5273,-52.9763,-146.908,124.541,35.4787,-60.4785,-155.537,135.16,47.7901,-34.9029,-123.602
227.0,-73.9533,116.595,-45.2649,-159.439,-178.163,83.1334,-40.408,-149.289,115.775,34.8391,-50.4031,-145.706,123.553,38.5692,-57.6836,-151.693,137.125,48.6021,-35.9824,-116.792
228.0,-71.3733,116.129,-44.8883,-159.886,-175.102,84.5643,-40.6138,-148.185,117.788,39.2749,-45.5697,-144.117,126.075,37.6284,-54.8169,-145.591,141.54,47.2332,-26.9,-116.607
229.0,-71.9169,116.837,-44.6882,-159.015,-171.76,85.7829,-40.2837,-149.052,118.578,41.5811,-43.7521,-144.544,126.944,40.6258,-54.5277,-147.376,141.34,51.1219,-27.0962,-113.484
230.0,-70.1691,116.818,-44.6834,-158.591,-169.618,86.7248,-39.8572,-147.7,119.685,44.6116,-41.1831,-142.489,128.019,40.2333,-49.5044,-141.985,144.59,51.1844,-27.5265,-113.011
231.0,-65.6905,116.868,-44.8107,-158.13,-167.636,88.4241,-39.4362,-147.576,120.566,48.3504,-39.7723,-141.545,127.637,42.452,-46.5875,-141.763,146.035,49.7934,-22.9529,-112.238
232.0,-67.7338,116.04,-44.8913,-159.13,-162.744,89.3328,-38.9615,-147.587,121.816,49.4538,-36.7488,-140.555,128.186,44.4884,-43.7805,-138.786,147.59,54.0478,-22.758,-109.354
233.0,-62.3606,115.942,-44.3982,-158.964,-162.112,90.3424,-38.887,-146.417,123.97,52.5514,-35.3683,-140.06,131.287,45.6001,-43.0555,-136.036,150.03,51.3873,-22.2025,-108.059
234.0,-62.7884,115.93,-45.1268,-157.91,-159.973,91.6625,-38.0822,-145.721,123.901,55.3877,-34.6852,-139.688,129.194,47.1512,-39.6286,-133.2,151.938,52.17,-20.5617,-104.259
235.0,-61.7261,116.476,-44.5611,-157.251,-157.025,92.7493,-37.3609,-145.272,126.509,58.1934,-31.8894,-137.301,130.149,48.5324,-35.0417,-130.936,151.512,53.1171,-20.2875,-99.3339
236.0,-62.2887,117.074,-45.8382,-157.475,-155.239,93.8514,-37.0249,-144.49,128.363,62.5191,-30.548,-137.915,131.564,50.2495,-32.493,-129.541,153.836,55.6693,-17.9719,-102.571
237.0,-60.1428,117.872,-46.4213,-154.631,-152.228,93.9769,-36.604,-145.0,129.782,65.0008,-28.1404,-136.576,132.128,53.0458,-30.5811,-125.698,156.289,57.8701,-12.0022,-93.7964
238.0,-63.2089,117.122,-47.3883,-155.412,-151.083,96.4839,-36.5782,-144.404,130.694,66.9705,-27.328,-136.104,133.473,55.2213,-30.0521,-125.907,158.347,57.2081,-8.47317,-93.5279
239.0,-58.1325,117.854,-41.0156,-158.168,-156.658,98.1306,-35.7838,-144.533,133.631,69.3966,-25.2795,-136.231,134.508,57.3247,-26.6045,-124.85,157.715,59.4495,-6.59613,-93.9375
240.0,-55.8625,117.446,-41.0569,-157.267,-153.742,98.9583,-35.0342,-143.379,135.474,71.8676,-24.1399,-134.782,134.942,60.1698,-24.737,-121.365,158.798,62.839,-8.8884,-89.7113
241.0,-57.3484,118.032,-41.9469,-159.665,-151.148,99.3843,-35.5197,-142.881,137.548,73.8504,-22.3574,-134.724,136.849,61.3511,-20.1978,-120.559,158.859,61.2945,-4.37457,-85.1394
242.0,-52.2239,118.728,-42.7293,-157.939,-152.403,101.153,-33.9452,-142.597,136.844,75.8941,-21.2332,-134.422,137.89,62.746,-19.0598,-115.676,160.935,60.9572,-2.31106,-86.7546
243.0,-51.6312,119.14,-42.2442,-157.217,-146.406,102.237,-33.4216,-142.05,141.195,79.938,-20.3324,-132.566,138.18,65.486,-17.6208,-117.986,162.116,63.2632,0.150947,-86.4877
244.0,-52.1636,117.611,-42.0138,-159.311,-149.361,102.356,-33.061,-142.69,144.888,79.8771,-17.899,-132.049,139.483,66.4039,-15.2152,-116.573,161.631,67.5798,0.344426,-83.1546
245.0,-53.824,118.914,-43.417,-163.344,-146.129,104.484,-32.5895,-141.438,143.237,82.9983,-17.7198,-131.127,141.121,70.884,-12.5874,-112.563,165.312,70.7491,5.80259,-81.7364
246.0,-48.7555,118.443,-43.4394,-162.735,-148.176,106.677,-31.4603,-140.891,144.714,84.4922,-16.4086,-131.648,142.311,70.3219,-10.9281,-113.787,165.237,71.6321,2.51486,-82.0895
247.0,-47.2921,120.198,-43.6427,-166.49,-146.34,106.344,-31.1317,-140.797,146.749,86.323,-14.259,-130.954,141.945,73.6598,-8.17984,-112.239,167.158,66.2729,6.56338,-73.8432
248.0,-43.667,119.579,-44.323,-170.095,-143.953,106.895,-31.3076,-140.768,150.715,86.9254,-13.9954,-130.793,143.99,77.6762,-7.59769,-110.452,166.256,68.1274,7.00313,-71.8947
249.0,-43.7289,120.769,-41.5693,-166.308,-144.231,109.516,-30.0689,-139.731,152.551,90.2318,-12.8785,-130.567,145.843,76.0048,-5.54261,-109.588,169.706,72.8064,11.1862,-75.6519
250.0,-37.942,120.964,-42.2579,-169.074,-141.749,110.08,-28.682,-139.475,153.961,89.7978,-11.2518,-129.037,145.383,77.2708,-3.67001,-109.168,168.058,73.7386,8.92487,-75.9817
251.0,-36.6557,122.095,-43.4845,-174.634,-138.714,109.932,-28.7838,-138.829,155.834,90.4821,-9.62071,-129.713,147.684,81.1083,-0.97288,-109.004,167.861,73.636,13.7211,-73.2259
252.0,-27.359,122.459,-44.7702,-175.388,-137.817,111.005,-28.362,-138.283,161.522,92.8587,-9.52058,-129.396,145.429,80.0722,-2.60171,-108.004,169.138,74.7554,12.236,-65.4095
253.0,-27.5651,122.601,-42.7907,173.703,-135.511,113.536,-26.8252,-137.104,161.33,94.0468,-7.02741,-129.32,149.175,80.2574,0.612335,-106.879,172.57,78.0619,9.70101,-69.7259
254.0,-25.4087,123.675,-43.9042,179.315,-135.159,114.12,-25.959,-138.961,162.944,95.8193,-6.49139,-128.718,151.77,87.7613,-0.0441033,-103.892,171.004,77.2166,8.96616,-65.7863
255.0,-19.5398,125.419,-42.3355,169.425,-131.043,115.956,-24.3406,-135.969,168.446,99.4915,-4.17165,-125.308,152.512,84.8158,1.61242,-101.971,173.394,82.0987,16.1092,-68.1243
256.0,-20.6105,123.992,-44.0411,167.752,-132.252,117.882,-24.6435,-134.018,168.152,101.162,-3.72749,-125.761,153.8,89.7285,5.9413,-101.92,173.277,86.1077,13.0315,-65.6916
257.0,-14.416,126.605,-41.7986,148.067,-127.422,119.26,-23.0791,-133.346,170.623,103.129,-1.77052,-124.385,152.545,90.805,6.38568,-99.45,171.897,84.0692,15.828,-58.1245
258.0,-13.4229,128.139,-43.0189,129.162,-126.63,123.988,-22.909,-131.683,174.186,101.514,-0.861565,-125.493,158.745,91.7999,7.52783,-98.6346,173.749,84.3533,18.1895,-63.8144
259.0,-3.68785,128.45,-45.3508,114.968,-122.46,125.282,-20.4265,-130.722,177.525,105.171,4.12184,-121.359,161.626,88.7136,3.90041,-96.838,167.506,82.9643,14.8971,-59.9188
260.0,-10.0513,130.348,-43.693,106.386,-120.286,127.803,-19.7669,-135.949,-175.948,106.667,2.74299,-122.854,158.696,89.8332,10.4995,-99.6872,170.223,90.2918,15.361,-60.2147
261.0,-1.8655,131.645,-46.7665,78.8484,-116.205,133.867,-18.2423,-129.419,179.636,114.008,6.28381,-122.125,164.213,92.8044,11.8044,-96.3582,169.673,88.6968,22.0427,-54.6689
262.0,0.72885,135.555,-45.2088,72.4357,-113.582,134.637,-15.7497,-130.394,-169.817,114.713,10.6439,-121.581,171.315,93.338,11.4478,-93.2554,169.312,101.638,16.1486,-48.2052
263.0,0.457331,139.602,-53.0574,57.7581,-111.67,139.123,-14.835,-125.455,-166.011,117.142,9.38827,-115.21,-178.612,96.9098,16.6462,-92.8237,168.973,90.15,20.4512,-56.0145
264.0,6.17877,142.031,-55.9828,60.1987,-108.391,146.023,-11.4401,-123.014,-156.383,122.688,14.2476,-120.841,178.389,109.926,19.4427,-85.1248,165.14,99.886,12.7953,-49.6775
265.0,6.42023,149.626,-66.2421,53.7026,-101.898,154.046,-5.12661,-116.269,-152.518,124.159,20.069,-117.063,172.898,95.6833,16.6753,-85.8536,154.571,112.323,22.4573,-73.7543
266.0,18.3315,157.346,165.262,44.5424,-96.873,160.543,-2.40799,-112.381,-130.353,135.556,28.3803,-110.975,-171.947,115.748,20.7566,-83.1648,145.815,108.12,12.117,-55.7574
267.0,15.1341,165.845,151.407,42.6287,-93.7706,165.88,3.13022,-78.8769,-103.057,143.229,36.3244,-103.771,-165.592,113.679,37.8406,-70.5476,144.231,120.762,-13.6952,-49.6259
268.0,22.6908,177.693,149.029,36.4177,-84.3181,175.29,9.72704,-33.7309,-103.799,159.356,41.9221,-96.9549,-152.029,136.722,38.8117,-68.434,115.527,158.275,14.7754,-88.0302
269.0,19.1664,-162.471,142.097,39.1358,-82.8571,-174.478,22.7119,-19.6709,-95.3695,166.445,54.0216,-86.7457,-142.619,114.341,52.0369,-54.1077,93.3519,151.67,44.0721,-60.1111
270.0,18.1508,-148.763,138.531,29.3582,-75.2565,-168.0,34.7029,17.5451,-71.8595,-174.658,68.4537,-82.0926,-113.191,-129.382,71.7276,-15.2628,43.0505,166.494,-51.3419,5.0875
271.0,21.745,-136.614,138.733,35.8621,-70.5665,-159.309,42.4007,20.8024,-66.1838,-173.065,78.9724,-66.4125,-101.904,-90.2069,100.551,-1.20206,15.8569,171.048,-4.8152,80.9175
272.0,25.6332,-125.452,136.526,29.2109,-63.5174,-151.17,61.762,21.7272,-55.911,-159.265,89.7601,-20.5658,-90.6237,-109.71,121.43,4.31941,30.9955,-121.678,-149.512,102.173
273.0,37.4289,-112.572,138.317,34.035,-60.1297,-142.256,77.5657,26.86,-59.0103,-148.281,100.948,-9.95093,-80.4444,-110.021,130.264,25.0363,-0.365451,-152.023,-154.592,95.9926
274.0,34.0798,-102.805,138.617,29.2914,-54.8902,-140.164,87.7084,24.2579,-49.7939,-141.09,111.011,9.19397,-79.9929,-106.874,134.306,38.1581,19.5827,-143.243,-133.789,111.869
275.0,32.1858,-100.832,135.772,22.6021,-50.634,-135.078,95.4907,26.2305,-51.9197,-131.008,117.813,24.6143,-64.6227,-94.6864,147.707,40.3168,6.45445,-127.329,-153.145,105.261
276.0,42.0478,-98.0025,136.269,26.7949,-46.4448,-129.162,102.187,26.1744,-52.6583,-134.905,128.266,25.4259,-53.7224,-102.896,146.633,47.9042,15.0374,-125.301,-150.202,109.78
277.0,36.1576,-94.6555,135.883,27.5789,-40.9189,-128.267,106.806,27.9194,-48.4062,-125.008,128.858,24.6672,-58.265,-91.2362,154.151,57.4847,8.39679,-133.945,-161.321,99.0839
278.0,34.2597,-89.7855,136.264,22.1897,-36.6007,-120.832,109.651,32.4699,-53.6588,-123.869,128.799,27.9178,-53.762,-103.726,159.433,51.0423,-4.33074,-121.39,-162.232,115.62
279.0,32.9643,-87.9512,135.824,22.8222,-33.3455,-121.702,113.594,31.0009,-45.5095,-121.967,134.891,29.1086,-53.9706,-102.827,158.958,53.1405,2.55491,-121.956,-160.016,109.078
280.0,41.5641,-83.6032,134.154,24.9841,-26.8402,-118.38,115.542,28.809,-45.1514,-123.028,139.696,31.4556,-50.7611,-97.7492,157.591,50.9448,0.988713,-119.727,-164.504,102.793
281.0,39.6466,-84.9451,134.391,21.59,-28.431,-118.822,116.196,30.5597,-46.8706,-118.502,140.658,29.46,-51.5098,-101.446,160.818,54.5001,0.917093,-117.906,-159.851,103.213
282.0,43.1911,-85.2781,132.973,23.3424,-23.1984,-115.125,121.492,28.386,-44.0433,-116.24,143.174,31.0464,-51.1073,-102.542,155.381,54.3947,-2.211,-114.884,-172.528,104.677
283.0,41.861,-80.0354,134.961,19.9386,-19.3448,-115.39,122.378,30.0718,-47.8593,-121.3,145.103,33.0001,-50.3362,-101.211,160.68,57.4387,-4.12743,-122.335,-179.212,102.778
284.0,48.9368,-81.3109,133.747,19.8023,-17.3564,-113.195,124.063,31.7767,-42.5301,-116.817,144.355,36.6749,-56.6308,-105.678,157.878,57.421,-1.71323,-122.96,-178.278,100.966
285.0,49.8502,-79.7426,134.01,19.2875,-13.2303,-112.881,123.883,29.7024,-44.8752,-117.277,144.92,35.0795,-52.6386,-101.964,161.003,55.4158,-8.37737,-110.997,-177.779,105.797
286.0,50.0299,-78.8993,133.062,16.8933,-10.2039,-111.548,124.092,29.4834,-47.4861,-115.923,143.921,35.8233,-53.9039,-106.688,160.19,60.778,-7.93849,-115.138,-172.467,95.6026
287.0,50.5542,-79.3215,134.041,17.4418,-11.7215,-109.887,125.458,30.2766,-45.4013,-117.869,145.863,34.5361,-55.5212,-105.638,157.644,55.6768,-8.32958,-115.191,-176.01,98.7308
288.0,42.6366,-76.7487,133.641,14.8386,-9.55828,-111.615,125.596,27.56,-49.1294,-115.427,148.149,35.3717,-53.5868,-109.214,158.4,54.149,-11.679,-119.098,-178.293,94.2382
289.0,46.9338,-76.5377,132.483,16.1994,-6.42868,-109.733,127.302,27.5157,-50.2294,-117.878,147.854,35.425,-52.1839,-109.882,157.053,55.36,-17.167,-120.925,177.02,98.5783
290.0,54.4585,-76.8853,132.833,14.6088,-7.46077,-110.133,127.493,28.2427,-47.5075,-117.989,146.697,36.0055,-56.9906,-109.084,158.143,56.6015,-14.0597,-122.714,179.943,95.9033
291.0,55.9139,-76.1319,132.678,14.9174,-8.4917,-108.836,128.256,28.6974,-52.3187,-119.73,146.009,35.9939,-56.0332,-114.474,156.046,54.5262,-15.0046,-124.173,173.262,90.16
292.0,51.9525,-77.0683,131.875,14.5984,-6.63687,-108.645,128.688,26.534,-51.9559,-118.324,146.974,35.3568,-58.354,-118.711,154.089,54.9528,-16.8287,-123.772,172.528,89.8524
293.0,54.9299,-74.7972,132.987,13.4898,-7.07191,-108.784,128.301,27.3501,-52.7917,-122.191,147.118,35.2764,-55.945,-117.874,152.316,52.4203,-17.4355,-125.326,168.786,92.8543
294.0,52.9537,-74.2467,132.681,13.7285,-6.26844,-108.356,128.999,26.6932,-56.2055,-121.766,147.831,35.1912,-56.491,-122.386,151.555,53.929,-22.8762,-127.219,171.1,81.14
295.0,54.395,-73.5903,132.08,12.8204,-8.36704,-107.161,128.892,27.0952,-56.0766,-123.352,147.851,33.7328,-57.2309,-124.006,151.442,52.6137,-24.0662,-127.399,168.475,87.1674
296.0,56.9905,-74.423,132.5,12.603,-5.76265,-107.954,129.558,24.7594,-56.5038,-125.027,146.501,35.667,-56.4118,-124.137,150.984,50.9961,-25.901,-125.662,164.676,83.0715
297.0,58.0721,-73.9873,131.661,12.4483,-6.42532,-107.353,130.22,25.3225,-57.1162,-126.759,146.375,34.937,-59.8962,-127.233,147.491,50.525,-29.2047,-130.012,160.245,83.8034
298.0,55.4961,-73.0474,131.18,12.3128,-4.82812,-107.563,129.782,25.4135,-58.9703,-126.655,146.426,34.4566,-59.9256,-129.194,147.03,48.9531,-32.0179,-130.266,160.733,78.9023
299.0,54.1533,-72.7657,131.464,11.7752,-5.61273,-107.561,130.143,23.3969,-60.885,-128.512,145.039,33.258,-59.7285,-132.871,143.344,48.4485,-35.2206,-131.242,155.266,75.1656
300.0,54.5301,-72.6724,130.888,11.4148,-5.48582,-108.466,129.411,22.7423,-62.9131,-129.272,144.031,34.0184,-61.6015,-134.688,141.814,48.0365,-35.8923,-134.458,154.322,77.1648
301.0,60.101,-72.0263,131.141,12.3372,-6.29138,-108.658,130.639,22.5638,-65.8128,-131.191,142.999,33.0833,-61.1091,-138.408,140.659,45.5608,-39.5426,-132.346,151.798,72.9991
302.0,62.4853,-71.6392,130.572,11.2726,-7.49993,-109.021,130.464,23.0174,-65.306,-133.704,142.39,32.9996,-62.743,-139.454,136.905,43.3959,-40.2208,-132.962,146.02,67.7011
303.0,60.113,-70.8999,130.893,10.9894,-9.99319,-108.244,130.6,22.0159,-67.4156,-135.709,141.404,32.5913,-63.1567,-140.344,133.475,40.9166,-45.142,-133.789,147.249,62.0262
304.0,63.8881,-71.287,130.414,10.7357,-8.79937,-109.432,130.192,21.3946,-67.3228,-136.367,140.277,32.4285,-63.684,-142.831,133.627,41.889,-44.2324,-133.365,147.194,62.1276
305.0,61.2301,-70.1224,129.777,10.2992,-10.8157,-109.067,130.065,20.8161,-68.9565,-139.68,139.345,31.0572,-65.3313,-145.534,129.245,37.4299,-49.0117,-137.98,141.08,60.2463
306.0,60.2758,-70.6505,129.9,9.7344,-10.7947,-109.64,129.798,20.4644,-70.3572,-142.196,137.252,30.3274,-65.977,-147.214,125.878,35.997,-49.2353,-138.021,137.192,53.2946
307.0,60.528,-70.5164,128.93,9.28992,-12.532,-110.649,129.88,20.7755,-72.0606,-144.409,136.627,30.8243,-66.001,-148.495,123.711,34.4947,-52.4663,-136.421,137.467,55.5224
308.0,60.4282,-70.3181,128.306,9.81622,-15.3334,-111.388,129.997,20.1395,-72.3277,-148.318,134.137,28.9528,-67.0678,-151.616,121.895,33.7838,-56.2714,-140.099,138.111,52.6831
309.0,65.7993,-70.3542,129.372,9.08973,-16.7852,-111.341,130.255,19.4037,-73.8775,-149.227,132.839,28.6828,-68.8003,-151.609,119.044,31.0903,-58.1349,-146.077,135.114,51.0575
310.0,60.6711,-69.509,128.617,9.30768,-18.9144,-112.571,130.361,18.8544,-73.9933,-152.841,130.63,29.7487,-68.763,-153.51,116.925,28.8535,-59.8467,-140.562,135.708,48.9599
311.0,65.697,-69.4612,128.391,9.83388,-19.4499,-113.318,129.783,18.8725,-75.0376,-155.036,126.707,27.5577,-67.5457,-154.976,112.783,23.7998,-63.3012,-142.609,132.032,46.911
312.0,64.6474,-68.5345,128.678,8.7259,-23.3864,-113.918,130.277,18.978,-77.7252,-158.184,126.575,26.0161,-69.5692,-156.789,111.528,20.8184,-63.9228,-144.962,133.736,43.4243
313.0,63.9626,-68.6189,128.187,7.54065,-25.3268,-114.856,130.515,18.4319,-76.1357,-161.404,123.731,26.2202,-71.3153,-157.88,108.92,19.5885,-68.6402,-143.68,132.283,45.4571
314.0,64.0925,-68.1138,128.019,8.06761,-28.1956,-115.677,129.404,18.2878,-77.3808,-162.235,121.708,23.9845,-69.128,-158.712,106.679,15.3565,-67.566,-144.789,131.418,38.5129
315.0,63.5015,-67.9086,127.885,8.32709,-29.4109,-115.973,129.577,17.8813,-78.2415,-166.495,117.472,24.1419,-69.8778,-159.631,103.591,11.0217,-67.9081,-146.703,130.733,40.0374
316.0,60.6723,-67.9934,128.764,8.13847,-32.1244,-116.193,129.581,17.8522,-78.216,-167.687,114.161,22.3866,-70.4421,-161.927,105.522,9.47444,-69.8403,-144.588,134.315,35.4807
317.0,70.059,-67.6102,128.167,7.95457,-34.4308,-117.338,129.713,18.1962,-78.9908,-170.432,110.988,19.9373,-70.8681,-159.945,98.8065,6.21076,-76.8911,-146.662,134.929,39.5813
318.0,66.0225,-67.4097,127.978,7.57876,-36.9056,-119.06,129.314,17.5015,-78.9216,-172.714,107.737,20.2614,-72.452,-160.027,99.4059,3.38004,-73.5744,-143.489,139.222,44.4927
319.0,65.6696,-66.9812,127.981,7.51506,-39.8344,-120.344,129.222,17.8243,-79.462,-174.372,103.578,17.152,-70.4797,-162.17,97.3859,-0.135263,-77.1036,-146.523,137.798,44.8177
320.0,65.9699,-66.6766,127.666,7.39634,-42.159,-121.701,128.471,17.1542,-81.2108,-176.09,100.025,16.4671,-70.2247,-162.16,97.3565,-4.39034,-78.4039,-139.837,146.255,43.297
321.0,67.1699,-66.5487,127.563,7.00915,-45.3538,-122.804,128.502,17.5198,-80.6394,-178.529,97.344,13.9276,-71.3991,-160.287,97.4468,-6.81347,-76.6569,-139.535,147.692,54.0825
322.0,65.0211,-66.5396,127.348,7.56104,-47.0485,-124.302,128.232,17.6089,-80.404,179.553,92.6542,9.81229,-69.9363,-158.591,95.6182,-9.06478,-80.5504,-134.226,154.116,48.1277
323.0,65.6795,-66.754,128.037,7.94852,-50.153,-125.652,128.438,17.453,-79.769,178.842,89.8428,6.40361,-68.3348,-157.913,95.3035,-10.974,-81.1722,-130.382,167.101,64.7743
324.0,65.4291,-66.0381,127.008,8.1341,-52.1291,-127.135,127.75,18.3077,-80.5788,177.753,85.8148,1.74846,-69.0445,-159.265,96.5834,-12.8413,-71.5212,-133.228,164.654,80.266
325.0,64.4876,-65.2573,127.37,7.8656,-55.7723,-130.105,126.385,17.278,-80.7103,175.98,80.9324,-1.22728,-67.9282,-156.209,95.6772,-10.7113,-74.3217,-96.3275,175.015,77.2861
326.0,65.9616,-64.6752,127.223,8.15123,-53.502,-131.842,125.673,18.087,-80.6451,174.592,79.9027,-3.9868,-63.2426,-153.242,98.8076,-15.3398,-69.4303,-110.753,179.834,81.6047
327.0,73.1595,-65.0225,127.563,9.02186,-57.4788,-133.179,125.92,18.3615,-80.5988,174.3,77.6924,-7.79621,-62.3052,-154.904,99.7729,-14.9185,-67.2137,-102.411,-166.604,106.711
328.0,67.8139,-65.6071,127.399,7.53574,-61.8137,-137.072,124.411,18.3612,-79.2756,173.065,73.4371,-10.3839,-61.749,-149.702,102.563,-5.39986,-57.7981,-104.599,-170.056,103.16
329.0,66.9833,-65.4918,127.829,8.13205,-64.4487,-137.326,124.553,18.9252,-79.8364,172.667,71.4842,-19.1576,-56.8616,-147.63,104.012,-0.102601,-56.1827,-86.1549,-159.569,111.569
330.0,65.9648,-65.4698,127.361,8.26005,-67.1907,-140.432,122.762,17.9523,-79.7608,171.541,68.2407,-27.3097,-51.9935,-144.557,107.329,-0.333159,-35.8853,-84.0335,-160.462,113.486
331.0,65.7759,-64.8888,127.306,8.73468,-67.8956,-143.112,122.184,19.0288,-78.7765,171.778,68.1771,-30.443,-50.1696,-140.247,111.854,7.08143,-18.5533,-99.2658,-153.531,115.603
332.0,71.1458,-64.4563,127.855,8.83839,-70.3657,-145.978,120.617,19.8229,-79.4995,171.704,67.5293,-39.7817,-44.7448,-137.136,118.87,16.6164,-25.0059,-98.527,-155.17,117.195
333.0,70.7543,-64.1067,127.144,8.62475,-72.1148,-149.956,119.618,20.0049,-78.2817,170.587,65.4206,-45.9953,-38.5296,-136.288,125.121,27.2722,-13.751,-97.6587,-159.651,120.919
334.0,72.7867,-63.9277,127.035,9.07428,-73.4452,-152.315,116.489,19.8201,-78.0438,171.767,65.9512,-45.6271,-33.2736,-127.603,130.752,40.4366,-5.03765,-99.5116,-165.712,121.049
335.0,69.0182,-63.7092,127.93,8.88555,-74.1301,-155.305,114.955,19.7595,-77.2962,171.181,65.1344,-51.284,-26.7659,-120.149,138.074,43.3624,-6.84083,-105.022,-162.775,118.879
336.0,71.2686,-63.5651,127.634,9.496,-75.5844,-159.77,112.409,21.1942,-76.8604,171.615,65.9197,-54.8013,-27.9222,-119.953,144.147,49.0012,-4.66576,-104.468,-168.207,115.64
337.0,71.3201,-62.9035,127.684,10.0218,-77.6766,-162.81,110.774,21.1608,-75.2646,172.968,65.8126,-50.5687,-16.8215,-114.314,150.813,54.5032,-4.72625,-106.211,-171.337,108.735
338.0,74.6439,-63.1235,128.048,9.43005,-79.0809,-167.447,106.649,21.2837,-74.6252,172.257,64.5051,-55.0694,-18.4925,-111.529,155.568,62.3317,-2.39607,-106.887,-174.933,110.054
339.0,72.3754,-63.0353,127.986,9.8537,-79.795,-169.651,102.351,21.8261,-73.4988,174.855,68.5964,-52.8508,-11.1441,-106.031,165.27,67.4722,-1.01145,-108.908,175.341,106.321
340.0,73.9921,-62.9321,128.072,10.0145,-80.3138,-172.247,98.5973,22.7151,-72.6381,175.685,70.092,-51.4563,-14.5121,-103.471,167.543,68.6178,-6.33235,-113.307,173.462,101.244
341.0,75.4936,-62.0919,128.436,10.9094,-81.2311,-175.949,95.2398,23.8048,-72.192,175.586,72.2333,-51.5082,-19.888,-97.8175,168.77,67.9426,-6.33714,-107.235,173.848,94.0359
342.0,75.6275,-61.9738,128.538,10.496,-83.331,-177.733,88.9719,24.6026,-71.1499,178.086,75.0008,-44.0344,-13.1439,-93.7523,173.139,72.0962,-5.76231,-109.819,164.001,90.6512
343.0,78.3148,-61.8067,128.539,10.4477,-83.2953,178.446,85.6595,22.5719,-68.3715,-178.685,78.7596,-36.2589,-20.6217,-97.2834,172.369,69.8581,-9.97164,-110.317,171.837,86.7366
344.0,77.0496,-61.8261,128.652,10.4708,-84.8044,175.828,76.3518,23.4756,-66.0647,-176.768,81.9742,-18.6651,-28.1035,-98.1285,172.436,70.207,-12.8289,-111.316,168.08,83.1224
345.0,77.7767,-61.1279,128.894,11.1707,-85.1031,174.893,71.4323,26.5741,-64.7345,-172.294,86.1732,-11.001,-27.7092,-97.7555,171.725,72.6629,-10.0753,-112.339,169.128,75.8785
346.0,75.9642,-61.0724,128.646,10.9035,-86.2828,173.247,63.7905,26.7492,-62.7521,-167.573,92.8323,4.02464,-35.8013,-98.5988,171.215,69.8066,-15.766,-109.275,166.37,72.5411
347.0,77.7672,-61.1678,129.148,11.4643,-87.3461,171.272,58.1519,26.6331,-60.6445,-163.938,98.2601,13.7014,-38.5387,-99.6159,166.55,72.8458,-16.2066,-108.534,162.364,80.3064
348.0,80.306,-60.1746,129.438,11.6743,-87.1269,169.643,52.8429,27.7516,-56.0746,-159.994,103.625,22.3551,-36.9198,-105.68,164.999,69.9879,-18.2849,-104.943,167.347,74.566
349.0,79.214,-60.535,129.632,12.0128,-87.9089,168.289,47.7673,31.029,-53.0334,-153.815,111.749,30.1837,-38.5537,-106.822,163.735,66.8334,-21.631,-104.164,170.767,71.426
350.0,80.4652,-59.9636,129.984,12.0722,-88.2606,167.728,42.373,29.0881,-49.5764,-146.502,117.776,36.0464,-43.1759,-113.176,158.435,66.6266,-21.5697,-104.47,173.204,85.3895
351.0,82.5843,-59.9031,130.06,12.7343,-88.5383,166.061,39.6951,26.5101,-44.9775,-140.681,122.07,41.2661,-45.0795,-116.342,154.893,66.0868,-23.8561,-102.067,174.375,77.0275
352.0,80.8908,-59.5615,130.725,12.8096,-88.4254,165.267,37.0322,31.4239,-41.0808,-134.943,129.821,43.2792,-46.2512,-120.548,150.746,62.0715,-30.5335,-100.671,176.675,84.4739
353.0,81.5012,-58.778,130.659,13.5805,-88.76,165.994,34.5249,31.2132,-37.0591,-128.192,136.252,46.0623,-46.3183,-122.481,147.03,58.1984,-27.8413,-91.0432,-176.195,95.5879
354.0,82.9479,-59.0206,130.671,13.2087,-89.2666,165.553,31.3023,24.9975,-32.0965,-121.782,140.647,48.1288,-44.0321,-125.323,137.744,50.0783,-32.9373,-92.3878,-170.796,105.587
355.0,80.6468,-58.9457,130.956,14.0103,-90.0439,165.487,30.3821,36.267,-27.879,-116.615,143.961,49.7871,-41.3814,-126.872,138.609,44.6815,-34.3324,-87.2591,-161.317,110.929
356.0,82.0929,-58.9529,131.477,14.0594,-89.7217,165.932,28.7175,22.1443,-21.4637,-114.564,145.546,51.1209,-42.29,-130.498,131.002,38.8382,-36.4056,-85.5621,-157.887,120.337
357.0,83.6606,-58.3484,131.52,14.5092,-89.6406,165.979,27.4687,11.1067,-19.0597,-111.996,150.413,51.9254,-42.9109,-130.361,132.932,34.0161,-36.7963,-76.1477,-152.962,128.882
358.0,85.6143,-58.3061,131.768,15.1076,-89.9741,167.442,26.348,-8.53993,-13.207,-108.761,155.746,54.4902,-42.3625,-130.426,130.053,32.4734,-36.3157,-64.6576,-141.453,144.567
359.0,86.5403,-57.834,132.32,15.3828,-89.903,166.88,26.9418,-27.9302,-11.8384,-106.645,155.42,55.7545,-42.7263,-131.28,125.655,27.1771,-43.0712,-64.8847,-141.549,141.462
360.0,87.9645,-58.281,132.967,15.6997,-90.1569,166.805,24.9652,-24.443,-13.2472,-104.539,157.052,57.5257,-38.9852,-130.778,124.799,25.0835,-45.5209,-75.6353,-134.31,145.295
360.0,92.0165,-56.9947,130.939,15.5945,-90.547,170.115,23.7226,-27.3907,-7.35093,-105.59,158.456,56.3117,-35.8674,-131.543,124.573,24.246,-45.3064,-68.578,-127.997,141.135
